1778509426732 0.0 0
1778509426732 -0.0007626515125749902 1
1778509426733 -0.003040299948778674 2
1778509426734 -0.006817486156329131 3
1778509426735 -0.01207875098294444 4
1778509426735 -0.018808635276342675 5
1778509426736 -0.02699167988424188 6
1778509426737 -0.036612425654360174 7
1778509426737 -0.04765541343441561 8
1778509426738 -0.06010518407212624 9
1778509426739 -0.07394627841521016 10
1778509426739 -0.08916323731138547 11
1778509426740 -0.10574060160837018 12
1778509426741 -0.12366291215388243 13
1778509426742 -0.14291470979564033 14
1778509426742 -0.1634805353813618 15
1778509426743 -0.18534492975876507 16
1778509426744 -0.2084924337755682 17
1778509426744 -0.23290758827948913 18
1778509426745 -0.25857493411824595 19
1778509426746 -0.28547901213955695 20
1778509426747 -0.31360436319114 21
1778509426747 -0.3429355281207134 22
1778509426748 -0.37345704777599487 23
1778509426749 -0.4051534630047027 24
1778509426749 -0.43800931465455495 25
1778509426750 -0.4720091435732698 26
1778509426751 -0.5071374906085651 27
1778509426752 -0.5433788966081592 28
1778509426752 -0.5807179024197697 29
1778509426753 -0.6191390488911154 30
1778509426754 -0.6586268768699137 31
1778509426755 -0.699165927203883 32
1778509426755 -0.7407407407407413 33
1778509426756 -0.7833358583282068 34
1778509426757 -0.8269358208139973 35
1778509426757 -0.8715251690458311 36
1778509426758 -0.9170884438714262 37
1778509426759 -0.9636101861385005 38
1778509426760 -1.0110749366947727 39
1778509426761 -1.0594672363879598 40
1778509426761 -1.108771626065781 41
1778509426762 -1.1589726465759536 42
1778509426763 -1.2100548387661965 43
1778509426763 -1.2620027434842265 44
1778509426764 -1.3148009015777626 45
1778509426765 -1.3684338538945227 46
1778509426765 -1.422886141282225 47
1778509426766 -1.4781423045885869 48
1778509426767 -1.5341868846613274 49
1778509426767 -1.591004422348164 50
1778509426768 -1.6485794584968152 51
1778509426769 -1.7068965339549986 52
1778509426770 -1.7659401895704328 53
1778509426770 -1.8256949661908355 54
1778509426771 -1.8861454046639246 55
1778509426772 -1.9472760458374185 56
1778509426772 -2.0090714305590356 57
1778509426773 -2.071516099676493 58
1778509426774 -2.1345945940375097 59
1778509426774 -2.1982914544898033 60
1778509426775 -2.2625912218810917 61
1778509426776 -2.3274784370590944 62
1778509426776 -2.392937640871526 63
1778509426777 -2.45895337416611 64
1778509426778 -2.5255101777905593 65
1778509426778 -2.592592592592595 66
1778509426779 -2.6601851594199326 67
1778509426780 -2.728272419120294 68
1778509426780 -2.7968389125413937 69
1778509426781 -2.865869180530952 70
1778509426782 -2.9353477639366847 71
1778509426783 -3.005259203606313 72
1778509426783 -3.075588040387552 73
1778509426784 -3.1463188151281223 74
1778509426785 -3.2174360686757395 75
1778509426786 -3.288924341878124 76
1778509426786 -3.3607681755829915 77
1778509426787 -3.432952110638063 78
1778509426788 -3.505460687891054 79
1778509426789 -3.5782784481896837 80
1778509426789 -3.651389932381669 81
1778509426790 -3.72477968131473 82
1778509426791 -3.7984322358365836 83
1778509426792 -3.872332136794947 84
1778509426792 -3.9464639250375417 85
1778509426793 -4.020812141412082 86
1778509426794 -4.0953613267662865 87
1778509426794 -4.170096021947877 88
1778509426795 -4.245000767804566 89
1778509426796 -4.320060105184076 90
1778509426796 -4.39525857493412 91
1778509426797 -4.470580717902424 92
1778509426798 -4.546011074936697 93
1778509426798 -4.621534186884665 94
1778509426799 -4.69713459459404 95
1778509426800 -4.772796838912544 96
1778509426800 -4.848505460687894 97
1778509426801 -4.924245000767806 98
1778509426802 -5.0000000000000036 99
