1778509426803 0.0 0
1778509426803 6.0606060606060606 1
1778509426804 12.121212121212121 2
1778509426805 18.18181818181818 3
1778509426805 24.242424242424242 4
1778509426806 30.303030303030305 5
1778509426807 36.36363636363636 6
1778509426807 42.42424242424242 7
1778509426808 48.484848484848484 8
1778509426809 54.54545454545455 9
1778509426809 60.60606060606061 10
1778509426810 66.66666666666667 11
1778509426811 72.72727272727272 12
1778509426812 78.78787878787878 13
1778509426812 84.84848484848484 14
1778509426813 90.9090909090909 15
1778509426814 96.96969696969697 16
1778509426814 103.03030303030303 17
1778509426817 109.0909090909091 18
1778509426818 115.15151515151516 19
1778509426818 121.21212121212122 20
1778509426819 127.27272727272727 21
1778509426820 133.33333333333334 22
1778509426821 139.3939393939394 23
1778509426821 145.45454545454544 24
1778509426822 151.5151515151515 25
1778509426823 157.57575757575756 26
1778509426823 163.63636363636363 27
1778509426824 169.6969696969697 28
1778509426825 175.75757575757575 29
1778509426826 181.8181818181818 30
1778509426826 187.87878787878788 31
1778509426827 193.93939393939394 32
1778509426828 200.0 33
1778509426828 206.06060606060606 34
1778509426829 212.12121212121212 35
1778509426830 218.1818181818182 36
1778509426831 224.24242424242425 37
1778509426831 230.3030303030303 38
1778509426832 236.36363636363637 39
1778509426833 242.42424242424244 40
1778509426833 248.48484848484847 41
1778509426834 254.54545454545453 42
1778509426835 260.6060606060606 43
1778509426835 266.6666666666667 44
1778509426836 272.72727272727275 45
1778509426837 278.7878787878788 46
1778509426837 284.8484848484849 47
1778509426838 290.9090909090909 48
1778509426839 296.96969696969694 49
1778509426840 303.030303030303 50
1778509426840 309.09090909090907 51
1778509426841 315.1515151515151 52
1778509426842 321.2121212121212 53
1778509426842 327.27272727272725 54
1778509426843 333.3333333333333 55
1778509426844 339.3939393939394 56
1778509426844 345.45454545454544 57
1778509426845 351.5151515151515 58
1778509426846 357.57575757575756 59
1778509426847 363.6363636363636 60
1778509426847 369.6969696969697 61
1778509426848 375.75757575757575 62
1778509426849 381.8181818181818 63
1778509426849 387.8787878787879 64
1778509426850 393.93939393939394 65
1778509426851 400.0 66
1778509426852 406.06060606060606 67
1778509426852 412.1212121212121 68
1778509426853 418.1818181818182 69
1778509426854 424.24242424242425 70
1778509426854 430.3030303030303 71
1778509426855 436.3636363636364 72
1778509426856 442.42424242424244 73
1778509426856 448.4848484848485 74
1778509426857 454.54545454545456 75
1778509426858 460.6060606060606 76
1778509426859 466.6666666666667 77
1778509426859 472.72727272727275 78
1778509426860 478.7878787878788 79
1778509426861 484.8484848484849 80
1778509426861 490.9090909090909 81
1778509426862 496.96969696969694 82
1778509426863 503.030303030303 83
1778509426863 509.09090909090907 84
1778509426864 515.1515151515151 85
1778509426865 521.2121212121212 86
1778509426865 527.2727272727273 87
1778509426866 533.3333333333334 88
1778509426867 539.3939393939394 89
1778509426867 545.4545454545455 90
1778509426868 551.5151515151515 91
1778509426869 557.5757575757576 92
1778509426869 563.6363636363636 93
1778509426870 569.6969696969697 94
1778509426871 575.7575757575758 95
1778509426872 581.8181818181818 96
1778509426872 587.8787878787879 97
1778509426873 593.9393939393939 98
1778509426874 600.0 99
