1778509426980 0.0 0
1778509426981 6.0606060606060606 1
1778509426982 12.121212121212121 2
1778509426982 18.18181818181818 3
1778509426983 24.242424242424242 4
1778509426984 30.303030303030305 5
1778509426984 36.36363636363636 6
1778509426985 42.42424242424242 7
1778509426986 48.484848484848484 8
1778509426987 54.54545454545455 9
1778509426987 60.60606060606061 10
1778509426988 66.66666666666667 11
1778509426989 72.72727272727272 12
1778509426989 78.78787878787878 13
1778509426990 84.84848484848484 14
1778509426991 90.9090909090909 15
1778509426991 96.96969696969697 16
1778509426992 103.03030303030303 17
1778509426993 109.0909090909091 18
1778509426994 115.15151515151516 19
1778509426994 121.21212121212122 20
1778509426995 127.27272727272727 21
1778509426996 133.33333333333334 22
1778509426996 139.3939393939394 23
1778509426997 145.45454545454544 24
1778509426998 151.5151515151515 25
1778509426998 157.57575757575756 26
1778509426999 163.63636363636363 27
1778509427000 169.6969696969697 28
1778509427001 175.75757575757575 29
1778509427001 181.8181818181818 30
1778509427002 187.87878787878788 31
1778509427003 193.93939393939394 32
1778509427003 200.0 33
1778509427004 206.06060606060606 34
1778509427005 212.12121212121212 35
1778509427006 218.1818181818182 36
1778509427006 224.24242424242425 37
1778509427007 230.3030303030303 38
1778509427008 236.36363636363637 39
1778509427008 242.42424242424244 40
1778509427009 248.48484848484847 41
1778509427010 254.54545454545453 42
1778509427010 260.6060606060606 43
1778509427011 266.6666666666667 44
1778509427012 272.72727272727275 45
1778509427012 278.7878787878788 46
1778509427013 284.8484848484849 47
1778509427014 290.9090909090909 48
1778509427015 296.96969696969694 49
1778509427015 303.030303030303 50
1778509427016 309.09090909090907 51
1778509427017 315.1515151515151 52
1778509427018 321.2121212121212 53
1778509427018 327.27272727272725 54
1778509427019 333.3333333333333 55
1778509427020 339.3939393939394 56
1778509427020 345.45454545454544 57
1778509427021 351.5151515151515 58
1778509427022 357.57575757575756 59
1778509427023 363.6363636363636 60
1778509427023 369.6969696969697 61
1778509427024 375.75757575757575 62
1778509427025 381.8181818181818 63
1778509427025 387.8787878787879 64
1778509427026 393.93939393939394 65
1778509427027 400.0 66
1778509427027 406.06060606060606 67
1778509427028 412.1212121212121 68
1778509427029 418.1818181818182 69
1778509427030 424.24242424242425 70
1778509427030 430.3030303030303 71
1778509427031 436.3636363636364 72
1778509427032 442.42424242424244 73
1778509427032 448.4848484848485 74
1778509427033 454.54545454545456 75
1778509427034 460.6060606060606 76
1778509427035 466.6666666666667 77
1778509427035 472.72727272727275 78
1778509427036 478.7878787878788 79
1778509427037 484.8484848484849 80
1778509427037 490.9090909090909 81
1778509427038 496.96969696969694 82
1778509427039 503.030303030303 83
1778509427039 509.09090909090907 84
1778509427040 515.1515151515151 85
1778509427041 521.2121212121212 86
1778509427042 527.2727272727273 87
1778509427042 533.3333333333334 88
1778509427043 539.3939393939394 89
1778509427044 545.4545454545455 90
1778509427045 551.5151515151515 91
1778509427045 557.5757575757576 92
1778509427046 563.6363636363636 93
1778509427047 569.6969696969697 94
1778509427047 575.7575757575758 95
1778509427048 581.8181818181818 96
1778509427049 587.8787878787879 97
1778509427049 593.9393939393939 98
1778509427050 600.0 99
