1778509426907 0.0 0
1778509426908 -0.0007626515125749899 1
1778509426908 -0.0030402999487786748 2
1778509426909 -0.00681748615632913 3
1778509426910 -0.012078750982944437 4
1778509426911 -0.01880863527634266 5
1778509426911 -0.026991679884241872 6
1778509426912 -0.03661242565436017 7
1778509426913 -0.0476554134344156 8
1778509426913 -0.06010518407212624 9
1778509426914 -0.07394627841521016 10
1778509426915 -0.08916323731138551 11
1778509426916 -0.1057406016083702 12
1778509426916 -0.1236629121538825 13
1778509426917 -0.1429147097956404 14
1778509426918 -0.16348053538136192 15
1778509426918 -0.1853449297587652 16
1778509426919 -0.20849243377556834 17
1778509426920 -0.23290758827948926 18
1778509426921 -0.258574934118246 19
1778509426921 -0.28547901213955695 20
1778509426922 -0.31360436319114 21
1778509426923 -0.3429355281207133 22
1778509426923 -0.37345704777599487 23
1778509426924 -0.40515346300470256 24
1778509426925 -0.4380093146545549 25
1778509426926 -0.4720091435732696 26
1778509426926 -0.507137490608565 27
1778509426927 -0.543378896608159 28
1778509426928 -0.5807179024197696 29
1778509426928 -0.6191390488911152 30
1778509426929 -0.6586268768699135 31
1778509426930 -0.6991659272038827 32
1778509426931 -0.740740740740741 33
1778509426931 -0.7833358583282063 34
1778509426932 -0.8269358208139967 35
1778509426933 -0.8715251690458304 36
1778509426933 -0.9170884438714256 37
1778509426934 -0.9636101861385 38
1778509426935 -1.011074936694772 39
1778509426937 -1.0594672363879591 40
1778509426938 -1.1087716260657803 41
1778509426939 -1.158972646575953 42
1778509426940 -1.2100548387661954 43
1778509426940 -1.2620027434842256 44
1778509426941 -1.3148009015777617 45
1778509426942 -1.3684338538945218 46
1778509426942 -1.4228861412822238 47
1778509426943 -1.4781423045885858 48
1778509426944 -1.5341868846613262 49
1778509426945 -1.591004422348163 50
1778509426945 -1.6485794584968143 51
1778509426946 -1.7068965339549977 52
1778509426947 -1.7659401895704319 53
1778509426947 -1.8256949661908344 54
1778509426948 -1.8861454046639232 55
1778509426949 -1.9472760458374174 56
1778509426950 -2.0090714305590343 57
1778509426950 -2.071516099676492 58
1778509426951 -2.1345945940375084 59
1778509426952 -2.1982914544898025 60
1778509426952 -2.2625912218810904 61
1778509426953 -2.327478437059093 62
1778509426954 -2.392937640871525 63
1778509426955 -2.4589533741661085 64
1778509426955 -2.5255101777905575 65
1778509426956 -2.592592592592593 66
1778509426957 -2.6601851594199317 67
1778509426957 -2.7282724191202927 68
1778509426958 -2.7968389125413924 69
1778509426959 -2.8658691805309506 70
1778509426959 -2.935347763936684 71
1778509426960 -3.0052592036063115 72
1778509426961 -3.0755880403875504 73
1778509426962 -3.1463188151281214 74
1778509426962 -3.217436068675738 75
1778509426963 -3.288924341878123 76
1778509426964 -3.3607681755829892 77
1778509426964 -3.4329521106380616 78
1778509426965 -3.505460687891052 79
1778509426966 -3.5782784481896823 80
1778509426967 -3.651389932381668 81
1778509426967 -3.7247796813147285 82
1778509426968 -3.798432235836582 83
1778509426969 -3.8723321367949466 84
1778509426969 -3.94646392503754 85
1778509426970 -4.0208121414120805 86
1778509426971 -4.095361326766286 87
1778509426972 -4.170096021947875 88
1778509426972 -4.245000767804563 89
1778509426973 -4.320060105184074 90
1778509426974 -4.395258574934119 91
1778509426974 -4.470580717902421 92
1778509426975 -4.546011074936696 93
1778509426976 -4.621534186884664 94
1778509426977 -4.697134594594038 95
1778509426977 -4.772796838912543 96
1778509426978 -4.848505460687892 97
1778509426979 -4.9242450007678045 98
1778509426979 -5.000000000000002 99
