1778511117855 0.0 0
1778511117855 -0.0007626515125749891 1
1778511117856 -0.0030402999487786765 2
1778511117857 -0.006817486156329135 3
1778511117858 -0.012078750982944444 4
1778511117858 -0.018808635276342675 5
1778511117859 -0.026991679884241882 6
1778511117860 -0.03661242565436018 7
1778511117860 -0.047655413434415615 8
1778511117861 -0.06010518407212625 9
1778511117862 -0.07394627841521018 10
1778511117862 -0.08916323731138548 11
1778511117863 -0.10574060160837018 12
1778511117864 -0.12366291215388243 13
1778511117864 -0.14291470979564033 14
1778511117865 -0.1634805353813618 15
1778511117866 -0.18534492975876507 16
1778511117867 -0.2084924337755682 17
1778511117867 -0.23290758827948913 18
1778511117868 -0.25857493411824595 19
1778511117869 -0.28547901213955695 20
1778511117869 -0.31360436319114 21
1778511117870 -0.3429355281207134 22
1778511117871 -0.373457047775995 23
1778511117872 -0.4051534630047027 24
1778511117872 -0.43800931465455506 25
1778511117873 -0.47200914357326984 26
1778511117874 -0.5071374906085653 27
1778511117874 -0.5433788966081592 28
1778511117875 -0.58071790241977 29
1778511117876 -0.6191390488911155 30
1778511117876 -0.658626876869914 31
1778511117877 -0.6991659272038832 32
1778511117878 -0.7407407407407416 33
1778511117878 -0.783335858328207 34
1778511117879 -0.8269358208139974 35
1778511117880 -0.8715251690458313 36
1778511117880 -0.9170884438714263 37
1778511117881 -0.9636101861385009 38
1778511117882 -1.0110749366947727 39
1778511117883 -1.05946723638796 40
1778511117883 -1.108771626065781 41
1778511117884 -1.1589726465759538 42
1778511117885 -1.2100548387661965 43
1778511117885 -1.2620027434842267 44
1778511117886 -1.314800901577763 45
1778511117887 -1.368433853894523 46
1778511117887 -1.4228861412822253 47
1778511117888 -1.478142304588587 48
1778511117889 -1.5341868846613278 49
1778511117889 -1.5910044223481643 50
1778511117890 -1.6485794584968156 51
1778511117891 -1.706896533954999 52
1778511117891 -1.765940189570433 53
1778511117892 -1.825694966190836 54
1778511117893 -1.886145404663925 55
1778511117893 -1.9472760458374188 56
1778511117894 -2.0090714305590356 57
1778511117895 -2.071516099676493 58
1778511117895 -2.1345945940375097 59
1778511117896 -2.1982914544898033 60
1778511117897 -2.2625912218810913 61
1778511117897 -2.3274784370590944 62
1778511117898 -2.3929376408715264 63
1778511117899 -2.4589533741661103 64
1778511117899 -2.5255101777905593 65
1778511117900 -2.592592592592595 66
1778511117901 -2.6601851594199326 67
1778511117901 -2.7282724191202945 68
1778511117902 -2.7968389125413937 69
1778511117903 -2.865869180530952 70
1778511117903 -2.935347763936685 71
1778511117904 -3.005259203606313 72
1778511117910 -3.075588040387552 73
1778511117915 -3.1463188151281223 74
1778511117915 -3.217436068675739 75
1778511117916 -3.2889243418781238 76
1778511117917 -3.3607681755829915 77
1778511117918 -3.4329521106380634 78
1778511117918 -3.5054606878910537 79
1778511117919 -3.578278448189684 80
1778511117920 -3.6513899323816688 81
1778511117920 -3.72477968131473 82
1778511117926 -3.798432235836583 83
1778511117927 -3.8723321367949475 84
1778511117928 -3.9464639250375413 85
1778511117928 -4.020812141412082 86
1778511117929 -4.095361326766288 87
1778511117930 -4.1700960219478755 88
1778511117930 -4.245000767804566 89
1778511117931 -4.320060105184075 90
1778511117932 -4.39525857493412 91
1778511117932 -4.470580717902422 92
1778511117933 -4.546011074936697 93
1778511117934 -4.621534186884665 94
1778511117934 -4.69713459459404 95
1778511117935 -4.772796838912544 96
1778511117936 -4.848505460687894 97
1778511117936 -4.924245000767806 98
1778511117937 -5.0000000000000036 99
