1778511117938 0.0 0
1778511117939 6.0606060606060606 1
1778511117939 12.121212121212121 2
1778511117940 18.18181818181818 3
1778511117941 24.242424242424242 4
1778511117941 30.303030303030305 5
1778511117942 36.36363636363636 6
1778511117943 42.42424242424242 7
1778511117943 48.484848484848484 8
1778511117944 54.54545454545455 9
1778511117945 60.60606060606061 10
1778511117945 66.66666666666667 11
1778511117946 72.72727272727272 12
1778511117947 78.78787878787878 13
1778511117947 84.84848484848484 14
1778511117948 90.9090909090909 15
1778511117949 96.96969696969697 16
1778511117949 103.03030303030303 17
1778511117950 109.0909090909091 18
1778511117951 115.15151515151516 19
1778511117951 121.21212121212122 20
1778511117952 127.27272727272727 21
1778511117953 133.33333333333334 22
1778511117953 139.3939393939394 23
1778511117954 145.45454545454544 24
1778511117955 151.5151515151515 25
1778511117955 157.57575757575756 26
1778511117956 163.63636363636363 27
1778511117957 169.6969696969697 28
1778511117958 175.75757575757575 29
1778511117958 181.8181818181818 30
1778511117959 187.87878787878788 31
1778511117960 193.93939393939394 32
1778511117960 200.0 33
1778511117961 206.06060606060606 34
1778511117962 212.12121212121212 35
1778511117962 218.1818181818182 36
1778511117963 224.24242424242425 37
1778511117964 230.3030303030303 38
1778511117964 236.36363636363637 39
1778511117965 242.42424242424244 40
1778511117966 248.48484848484847 41
1778511117966 254.54545454545453 42
1778511117967 260.6060606060606 43
1778511117968 266.6666666666667 44
1778511117969 272.72727272727275 45
1778511117969 278.7878787878788 46
1778511117970 284.8484848484849 47
1778511117971 290.9090909090909 48
1778511117971 296.96969696969694 49
1778511117972 303.030303030303 50
1778511117973 309.09090909090907 51
1778511117973 315.1515151515151 52
1778511117974 321.2121212121212 53
1778511117975 327.27272727272725 54
1778511117975 333.3333333333333 55
1778511117976 339.3939393939394 56
1778511117977 345.45454545454544 57
1778511117978 351.5151515151515 58
1778511117978 357.57575757575756 59
1778511117979 363.6363636363636 60
1778511117980 369.6969696969697 61
1778511117980 375.75757575757575 62
1778511117981 381.8181818181818 63
1778511117982 387.8787878787879 64
1778511117982 393.93939393939394 65
1778511117983 400.0 66
1778511117984 406.06060606060606 67
1778511117985 412.1212121212121 68
1778511117986 418.1818181818182 69
1778511117986 424.24242424242425 70
1778511117987 430.3030303030303 71
1778511117988 436.3636363636364 72
1778511117988 442.42424242424244 73
1778511117989 448.4848484848485 74
1778511117990 454.54545454545456 75
1778511117991 460.6060606060606 76
1778511117991 466.6666666666667 77
1778511117992 472.72727272727275 78
1778511117993 478.7878787878788 79
1778511117993 484.8484848484849 80
1778511117994 490.9090909090909 81
1778511117995 496.96969696969694 82
1778511117995 503.030303030303 83
1778511117996 509.09090909090907 84
1778511117997 515.1515151515151 85
1778511117998 521.2121212121212 86
1778511117998 527.2727272727273 87
1778511117999 533.3333333333334 88
1778511118000 539.3939393939394 89
1778511118000 545.4545454545455 90
1778511118001 551.5151515151515 91
1778511118002 557.5757575757576 92
1778511118002 563.6363636363636 93
1778511118003 569.6969696969697 94
1778511118004 575.7575757575758 95
1778511118005 581.8181818181818 96
1778511118005 587.8787878787879 97
1778511118006 593.9393939393939 98
1778511118007 600.0 99
