1778511117762 0.0 0
1778511117762 6.0606060606060606 1
1778511117763 12.121212121212121 2
1778511117764 18.18181818181818 3
1778511117765 24.242424242424242 4
1778511117765 30.303030303030305 5
1778511117766 36.36363636363636 6
1778511117767 42.42424242424242 7
1778511117767 48.484848484848484 8
1778511117768 54.54545454545455 9
1778511117769 60.60606060606061 10
1778511117769 66.66666666666667 11
1778511117770 72.72727272727272 12
1778511117771 78.78787878787878 13
1778511117772 84.84848484848484 14
1778511117772 90.9090909090909 15
1778511117773 96.96969696969697 16
1778511117774 103.03030303030303 17
1778511117774 109.0909090909091 18
1778511117775 115.15151515151516 19
1778511117776 121.21212121212122 20
1778511117777 127.27272727272727 21
1778511117777 133.33333333333334 22
1778511117778 139.3939393939394 23
1778511117779 145.45454545454544 24
1778511117779 151.5151515151515 25
1778511117780 157.57575757575756 26
1778511117781 163.63636363636363 27
1778511117781 169.6969696969697 28
1778511117782 175.75757575757575 29
1778511117783 181.8181818181818 30
1778511117783 187.87878787878788 31
1778511117784 193.93939393939394 32
1778511117785 200.0 33
1778511117785 206.06060606060606 34
1778511117786 212.12121212121212 35
1778511117787 218.1818181818182 36
1778511117788 224.24242424242425 37
1778511117788 230.3030303030303 38
1778511117789 236.36363636363637 39
1778511117790 242.42424242424244 40
1778511117790 248.48484848484847 41
1778511117791 254.54545454545453 42
1778511117792 260.6060606060606 43
1778511117792 266.6666666666667 44
1778511117793 272.72727272727275 45
1778511117794 278.7878787878788 46
1778511117794 284.8484848484849 47
1778511117795 290.9090909090909 48
1778511117796 296.96969696969694 49
1778511117797 303.030303030303 50
1778511117797 309.09090909090907 51
1778511117798 315.1515151515151 52
1778511117799 321.2121212121212 53
1778511117799 327.27272727272725 54
1778511117800 333.3333333333333 55
1778511117801 339.3939393939394 56
1778511117801 345.45454545454544 57
1778511117802 351.5151515151515 58
1778511117803 357.57575757575756 59
1778511117803 363.6363636363636 60
1778511117804 369.6969696969697 61
1778511117805 375.75757575757575 62
1778511117805 381.8181818181818 63
1778511117806 387.8787878787879 64
1778511117807 393.93939393939394 65
1778511117808 400.0 66
1778511117808 406.06060606060606 67
1778511117809 412.1212121212121 68
1778511117810 418.1818181818182 69
1778511117810 424.24242424242425 70
1778511117811 430.3030303030303 71
1778511117812 436.3636363636364 72
1778511117812 442.42424242424244 73
1778511117813 448.4848484848485 74
1778511117814 454.54545454545456 75
1778511117814 460.6060606060606 76
1778511117815 466.6666666666667 77
1778511117816 472.72727272727275 78
1778511117816 478.7878787878788 79
1778511117817 484.8484848484849 80
1778511117818 490.9090909090909 81
1778511117819 496.96969696969694 82
1778511117819 503.030303030303 83
1778511117820 509.09090909090907 84
1778511117821 515.1515151515151 85
1778511117821 521.2121212121212 86
1778511117822 527.2727272727273 87
1778511117823 533.3333333333334 88
1778511117823 539.3939393939394 89
1778511117824 545.4545454545455 90
1778511117825 551.5151515151515 91
1778511117826 557.5757575757576 92
1778511117826 563.6363636363636 93
1778511117827 569.6969696969697 94
1778511117828 575.7575757575758 95
1778511117828 581.8181818181818 96
1778511117829 587.8787878787879 97
1778511117830 593.9393939393939 98
1778511117830 600.0 99
