1778499688378 0.0 0
1778499688384 6.0606060606060606 1
1778499688391 12.121212121212121 2
1778499688396 18.18181818181818 3
1778499688404 24.242424242424242 4
1778499688412 30.303030303030305 5
1778499688421 36.36363636363636 6
1778499688431 42.42424242424242 7
1778499688440 48.484848484848484 8
1778499688452 54.54545454545455 9
1778499688464 60.60606060606061 10
1778499688475 66.66666666666667 11
1778499688484 72.72727272727272 12
1778499688492 78.78787878787878 13
1778499688504 84.84848484848484 14
1778499688517 90.9090909090909 15
1778499688525 96.96969696969697 16
1778499688536 103.03030303030303 17
1778499688543 109.0909090909091 18
1778499688553 115.15151515151516 19
1778499688559 121.21212121212122 20
1778499688565 127.27272727272727 21
1778499688571 133.33333333333334 22
1778499688575 139.3939393939394 23
1778499688583 145.45454545454544 24
1778499688589 151.5151515151515 25
1778499688596 157.57575757575756 26
1778499688603 163.63636363636363 27
1778499688610 169.6969696969697 28
1778499688616 175.75757575757575 29
1778499688623 181.8181818181818 30
1778499688630 187.87878787878788 31
1778499688640 193.93939393939394 32
1778499688650 200.0 33
1778499688655 206.06060606060606 34
1778499688662 212.12121212121212 35
1778499688672 218.1818181818182 36
1778499688681 224.24242424242425 37
1778499688693 230.3030303030303 38
1778499688702 236.36363636363637 39
1778499688708 242.42424242424244 40
1778499688717 248.48484848484847 41
1778499688725 254.54545454545453 42
1778499688733 260.6060606060606 43
1778499688740 266.6666666666667 44
1778499688746 272.72727272727275 45
1778499688753 278.7878787878788 46
1778499688759 284.8484848484849 47
1778499688770 290.9090909090909 48
1778499688779 296.96969696969694 49
1778499688788 303.030303030303 50
1778499688794 309.09090909090907 51
1778499688799 315.1515151515151 52
1778499688806 321.2121212121212 53
1778499688815 327.27272727272725 54
1778499688824 333.3333333333333 55
1778499688835 339.3939393939394 56
1778499688844 345.45454545454544 57
1778499688852 351.5151515151515 58
1778499688861 357.57575757575756 59
1778499688869 363.6363636363636 60
1778499688878 369.6969696969697 61
1778499688885 375.75757575757575 62
1778499688893 381.8181818181818 63
1778499688903 387.8787878787879 64
1778499688912 393.93939393939394 65
1778499688919 400.0 66
1778499688928 406.06060606060606 67
1778499688934 412.1212121212121 68
1778499688941 418.1818181818182 69
1778499688949 424.24242424242425 70
1778499688954 430.3030303030303 71
1778499688960 436.3636363636364 72
1778499688967 442.42424242424244 73
1778499688972 448.4848484848485 74
1778499688982 454.54545454545456 75
1778499688991 460.6060606060606 76
1778499689000 466.6666666666667 77
1778499689010 472.72727272727275 78
1778499689017 478.7878787878788 79
1778499689025 484.8484848484849 80
1778499689034 490.9090909090909 81
1778499689040 496.96969696969694 82
1778499689048 503.030303030303 83
1778499689055 509.09090909090907 84
1778499689064 515.1515151515151 85
1778499689070 521.2121212121212 86
1778499689074 527.2727272727273 87
1778499689080 533.3333333333334 88
1778499689086 539.3939393939394 89
1778499689094 545.4545454545455 90
1778499689102 551.5151515151515 91
1778499689108 557.5757575757576 92
1778499689117 563.6363636363636 93
1778499689126 569.6969696969697 94
1778499689135 575.7575757575758 95
1778499689142 581.8181818181818 96
1778499689148 587.8787878787879 97
1778499689155 593.9393939393939 98
1778499689164 600.0 99
