1778499687509 0.0 0
1778499687517 -0.0007626515125749892 1
1778499687526 -0.0030402999487786743 2
1778499687532 -0.006817486156329138 3
1778499687539 -0.01207875098294446 4
1778499687545 -0.01880863527634271 5
1778499687552 -0.02699167988424193 6
1778499687560 -0.03661242565436023 7
1778499687567 -0.04765541343441567 8
1778499687574 -0.06010518407212631 9
1778499687579 -0.07394627841521022 10
1778499687586 -0.08916323731138552 11
1778499687593 -0.10574060160837022 12
1778499687599 -0.12366291215388246 13
1778499687605 -0.1429147097956403 14
1778499687617 -0.16348053538136176 15
1778499687624 -0.185344929758765 16
1778499687637 -0.2084924337755681 17
1778499687645 -0.23290758827948904 18
1778499687656 -0.2585749341182458 19
1778499687665 -0.28547901213955673 20
1778499687680 -0.3136043631911397 21
1778499687690 -0.3429355281207131 22
1778499687700 -0.37345704777599464 23
1778499687708 -0.40515346300470234 24
1778499687718 -0.4380093146545546 25
1778499687725 -0.4720091435732694 26
1778499687735 -0.5071374906085647 27
1778499687748 -0.5433788966081587 28
1778499687756 -0.5807179024197693 29
1778499687764 -0.6191390488911148 30
1778499687771 -0.6586268768699132 31
1778499687778 -0.6991659272038824 32
1778499687787 -0.7407407407407406 33
1778499687799 -0.783335858328206 34
1778499687807 -0.8269358208139965 35
1778499687816 -0.8715251690458302 36
1778499687828 -0.9170884438714253 37
1778499687836 -0.9636101861384998 38
1778499687844 -1.0110749366947716 39
1778499687852 -1.059467236387959 40
1778499687860 -1.1087716260657798 41
1778499687868 -1.1589726465759524 42
1778499687875 -1.2100548387661951 43
1778499687885 -1.2620027434842254 44
1778499687891 -1.3148009015777615 45
1778499687903 -1.3684338538945215 46
1778499687911 -1.4228861412822236 47
1778499687920 -1.4781423045885853 48
1778499687931 -1.534186884661326 49
1778499687940 -1.5910044223481628 50
1778499687951 -1.648579458496814 51
1778499687959 -1.7068965339549973 52
1778499687967 -1.7659401895704314 53
1778499687975 -1.8256949661908342 54
1778499687983 -1.8861454046639232 55
1778499687992 -1.9472760458374172 56
1778499688001 -2.0090714305590343 57
1778499688013 -2.071516099676492 58
1778499688019 -2.1345945940375084 59
1778499688027 -2.1982914544898025 60
1778499688034 -2.2625912218810904 61
1778499688042 -2.327478437059093 62
1778499688053 -2.392937640871525 63
1778499688063 -2.458953374166109 64
1778499688072 -2.525510177790558 65
1778499688081 -2.592592592592593 66
1778499688087 -2.660185159419932 67
1778499688096 -2.728272419120293 68
1778499688105 -2.796838912541393 69
1778499688112 -2.8658691805309506 70
1778499688125 -2.9353477639366843 71
1778499688137 -3.005259203606312 72
1778499688146 -3.0755880403875513 73
1778499688155 -3.146318815128122 74
1778499688165 -3.2174360686757386 75
1778499688172 -3.2889243418781233 76
1778499688181 -3.3607681755829906 77
1778499688192 -3.432952110638063 78
1778499688205 -3.5054606878910533 79
1778499688218 -3.5782784481896828 80
1778499688224 -3.6513899323816688 81
1778499688234 -3.724779681314729 82
1778499688243 -3.798432235836583 83
1778499688253 -3.872332136794947 84
1778499688262 -3.946463925037542 85
1778499688269 -4.020812141412082 86
1778499688281 -4.0953613267662865 87
1778499688289 -4.170096021947876 88
1778499688299 -4.245000767804566 89
1778499688307 -4.320060105184075 90
1778499688315 -4.39525857493412 91
1778499688323 -4.470580717902423 92
1778499688332 -4.546011074936697 93
1778499688338 -4.621534186884664 94
1778499688344 -4.69713459459404 95
1778499688351 -4.772796838912543 96
1778499688358 -4.8485054606878935 97
1778499688367 -4.924245000767805 98
1778499688371 -5.000000000000003 99
