1773734695848 0.0 0
1773734695855 -0.0007626515125749894 1
1773734695862 -0.003040299948778676 2
1773734695873 -0.006817486156329138 3
1773734695881 -0.012078750982944456 4
1773734695890 -0.018808635276342696 5
1773734695899 -0.026991679884241917 6
1773734695911 -0.03661242565436022 7
1773734695919 -0.047655413434415664 8
1773734695929 -0.060105184072126304 9
1773734695937 -0.07394627841521023 10
1773734695948 -0.08916323731138555 11
1773734695955 -0.10574060160837027 12
1773734695963 -0.12366291215388255 13
1773734695973 -0.14291470979564044 14
1773734695983 -0.16348053538136195 15
1773734695991 -0.18534492975876524 16
1773734696002 -0.20849243377556842 17
1773734696012 -0.23290758827948943 18
1773734696020 -0.2585749341182458 19
1773734696042 -0.28547901213955673 20
1773734696050 -0.31360436319113977 21
1773734696057 -0.34293552812071315 22
1773734696063 -0.37345704777599475 23
1773734696070 -0.40515346300470256 24
1773734696079 -0.4380093146545549 25
1773734696088 -0.47200914357326973 26
1773734696096 -0.5071374906085652 27
1773734696102 -0.5433788966081592 28
1773734696112 -0.5807179024197698 29
1773734696120 -0.6191390488911155 30
1773734696127 -0.658626876869914 31
1773734696137 -0.6991659272038832 32
1773734696145 -0.7407407407407417 33
1773734696153 -0.783335858328207 34
1773734696164 -0.8269358208139974 35
1773734696173 -0.8715251690458314 36
1773734696181 -0.9170884438714264 37
1773734696188 -0.9636101861385009 38
1773734696194 -1.0110749366947729 39
1773734696199 -1.0594672363879603 40
1773734696209 -1.1087716260657814 41
1773734696219 -1.1589726465759538 42
1773734696225 -1.2100548387661965 43
1773734696238 -1.262002743484227 44
1773734696248 -1.3148009015777629 45
1773734696257 -1.368433853894523 46
1773734696263 -1.4228861412822251 47
1773734696271 -1.478142304588587 48
1773734696278 -1.5341868846613278 49
1773734696284 -1.591004422348164 50
1773734696296 -1.6485794584968154 51
1773734696304 -1.7068965339549989 52
1773734696313 -1.765940189570433 53
1773734696319 -1.8256949661908353 54
1773734696330 -1.8861454046639246 55
1773734696340 -1.9472760458374183 56
1773734696348 -2.0090714305590347 57
1773734696358 -2.0715160996764928 58
1773734696369 -2.134594594037509 59
1773734696377 -2.198291454489803 60
1773734696392 -2.262591221881091 61
1773734696400 -2.327478437059093 62
1773734696410 -2.392937640871525 63
1773734696418 -2.4589533741661085 64
1773734696429 -2.5255101777905575 65
1773734696438 -2.5925925925925926 66
1773734696443 -2.6601851594199313 67
1773734696450 -2.728272419120292 68
1773734696459 -2.796838912541391 69
1773734696468 -2.8658691805309493 70
1773734696475 -2.9353477639366825 71
1773734696482 -3.00525920360631 72
1773734696492 -3.075588040387549 73
1773734696500 -3.1463188151281196 74
1773734696510 -3.217436068675736 75
1773734696519 -3.28892434187812 76
1773734696527 -3.360768175582987 77
1773734696534 -3.4329521106380585 78
1773734696544 -3.5054606878910493 79
1773734696552 -3.578278448189679 80
1773734696558 -3.6513899323816634 81
1773734696567 -3.724779681314724 82
1773734696576 -3.7984322358365783 83
1773734696583 -3.8723321367949417 84
1773734696593 -3.946463925037535 85
1773734696600 -4.020812141412076 86
1773734696610 -4.095361326766279 87
1773734696617 -4.170096021947868 88
1773734696627 -4.245000767804557 89
1773734696634 -4.320060105184067 90
1773734696645 -4.395258574934111 91
1773734696654 -4.470580717902414 92
1773734696662 -4.546011074936687 93
1773734696672 -4.621534186884655 94
1773734696681 -4.69713459459403 95
1773734696689 -4.772796838912534 96
1773734696697 -4.848505460687884 97
1773734696707 -4.9242450007677965 98
1773734696721 -4.999999999999994 99
