1773734696731 0.0 0
1773734696746 6.0606060606060606 1
1773734696759 12.121212121212121 2
1773734696772 18.18181818181818 3
1773734696787 24.242424242424242 4
1773734696800 30.303030303030305 5
1773734696810 36.36363636363636 6
1773734696820 42.42424242424242 7
1773734696830 48.484848484848484 8
1773734696840 54.54545454545455 9
1773734696851 60.60606060606061 10
1773734696860 66.66666666666667 11
1773734696876 72.72727272727272 12
1773734696883 78.78787878787878 13
1773734696891 84.84848484848484 14
1773734696897 90.9090909090909 15
1773734696907 96.96969696969697 16
1773734696917 103.03030303030303 17
1773734696926 109.0909090909091 18
1773734696934 115.15151515151516 19
1773734696942 121.21212121212122 20
1773734696951 127.27272727272727 21
1773734696958 133.33333333333334 22
1773734696965 139.3939393939394 23
1773734696975 145.45454545454544 24
1773734696985 151.5151515151515 25
1773734696995 157.57575757575756 26
1773734697003 163.63636363636363 27
1773734697008 169.6969696969697 28
1773734697015 175.75757575757575 29
1773734697021 181.8181818181818 30
1773734697030 187.87878787878788 31
1773734697038 193.93939393939394 32
1773734697043 200.0 33
1773734697050 206.06060606060606 34
1773734697058 212.12121212121212 35
1773734697066 218.1818181818182 36
1773734697072 224.24242424242425 37
1773734697077 230.3030303030303 38
1773734697087 236.36363636363637 39
1773734697096 242.42424242424244 40
1773734697103 248.48484848484847 41
1773734697108 254.54545454545453 42
1773734697113 260.6060606060606 43
1773734697122 266.6666666666667 44
1773734697123 272.72727272727275 45
1773734697134 278.7878787878788 46
1773734697144 284.8484848484849 47
1773734697152 290.9090909090909 48
1773734697160 296.96969696969694 49
1773734697165 303.030303030303 50
1773734697174 309.09090909090907 51
1773734697183 315.1515151515151 52
1773734697191 321.2121212121212 53
1773734697196 327.27272727272725 54
1773734697206 333.3333333333333 55
1773734697216 339.3939393939394 56
1773734697225 345.45454545454544 57
1773734697233 351.5151515151515 58
1773734697241 357.57575757575756 59
1773734697247 363.6363636363636 60
1773734697255 369.6969696969697 61
1773734697263 375.75757575757575 62
1773734697268 381.8181818181818 63
1773734697275 387.8787878787879 64
1773734697280 393.93939393939394 65
1773734697288 400.0 66
1773734697296 406.06060606060606 67
1773734697298 412.1212121212121 68
1773734697309 418.1818181818182 69
1773734697318 424.24242424242425 70
1773734697325 430.3030303030303 71
1773734697330 436.3636363636364 72
1773734697338 442.42424242424244 73
1773734697343 448.4848484848485 74
1773734697352 454.54545454545456 75
1773734697359 460.6060606060606 76
1773734697369 466.6666666666667 77
1773734697379 472.72727272727275 78
1773734697386 478.7878787878788 79
1773734697393 484.8484848484849 80
1773734697401 490.9090909090909 81
1773734697410 496.96969696969694 82
1773734697416 503.030303030303 83
1773734697422 509.09090909090907 84
1773734697427 515.1515151515151 85
1773734697432 521.2121212121212 86
1773734697438 527.2727272727273 87
1773734697443 533.3333333333334 88
1773734697450 539.3939393939394 89
1773734697455 545.4545454545455 90
1773734697461 551.5151515151515 91
1773734697465 557.5757575757576 92
1773734697471 563.6363636363636 93
1773734697475 569.6969696969697 94
1773734697481 575.7575757575758 95
1773734697484 581.8181818181818 96
1773734697494 587.8787878787879 97
1773734697499 593.9393939393939 98
1773734697506 600.0 99
