1774533260220 0.0 0
1774533260221 6.0606060606060606 1
1774533260221 12.121212121212121 2
1774533260222 18.18181818181818 3
1774533260223 24.242424242424242 4
1774533260223 30.303030303030305 5
1774533260224 36.36363636363636 6
1774533260225 42.42424242424242 7
1774533260225 48.484848484848484 8
1774533260226 54.54545454545455 9
1774533260227 60.60606060606061 10
1774533260227 66.66666666666667 11
1774533260228 72.72727272727272 12
1774533260229 78.78787878787878 13
1774533260230 84.84848484848484 14
1774533260230 90.9090909090909 15
1774533260231 96.96969696969697 16
1774533260232 103.03030303030303 17
1774533260232 109.0909090909091 18
1774533260233 115.15151515151516 19
1774533260234 121.21212121212122 20
1774533260234 127.27272727272727 21
1774533260235 133.33333333333334 22
1774533260236 139.3939393939394 23
1774533260236 145.45454545454544 24
1774533260237 151.5151515151515 25
1774533260238 157.57575757575756 26
1774533260238 163.63636363636363 27
1774533260239 169.6969696969697 28
1774533260240 175.75757575757575 29
1774533260241 181.8181818181818 30
1774533260241 187.87878787878788 31
1774533260242 193.93939393939394 32
1774533260243 200.0 33
1774533260244 206.06060606060606 34
1774533260244 212.12121212121212 35
1774533260245 218.1818181818182 36
1774533260246 224.24242424242425 37
1774533260247 230.3030303030303 38
1774533260247 236.36363636363637 39
1774533260248 242.42424242424244 40
1774533260249 248.48484848484847 41
1774533260249 254.54545454545453 42
1774533260250 260.6060606060606 43
1774533260251 266.6666666666667 44
1774533260251 272.72727272727275 45
1774533260252 278.7878787878788 46
1774533260253 284.8484848484849 47
1774533260253 290.9090909090909 48
1774533260254 296.96969696969694 49
1774533260255 303.030303030303 50
1774533260256 309.09090909090907 51
1774533260256 315.1515151515151 52
1774533260257 321.2121212121212 53
1774533260258 327.27272727272725 54
1774533260258 333.3333333333333 55
1774533260259 339.3939393939394 56
1774533260260 345.45454545454544 57
1774533260260 351.5151515151515 58
1774533260261 357.57575757575756 59
1774533260262 363.6363636363636 60
1774533260262 369.6969696969697 61
1774533260263 375.75757575757575 62
1774533260264 381.8181818181818 63
1774533260264 387.8787878787879 64
1774533260265 393.93939393939394 65
1774533260266 400.0 66
1774533260266 406.06060606060606 67
1774533260267 412.1212121212121 68
1774533260268 418.1818181818182 69
1774533260268 424.24242424242425 70
1774533260269 430.3030303030303 71
1774533260270 436.3636363636364 72
1774533260270 442.42424242424244 73
1774533260271 448.4848484848485 74
1774533260272 454.54545454545456 75
1774533260273 460.6060606060606 76
1774533260273 466.6666666666667 77
1774533260274 472.72727272727275 78
1774533260275 478.7878787878788 79
1774533260276 484.8484848484849 80
1774533260276 490.9090909090909 81
1774533260277 496.96969696969694 82
1774533260278 503.030303030303 83
1774533260279 509.09090909090907 84
1774533260279 515.1515151515151 85
1774533260280 521.2121212121212 86
1774533260281 527.2727272727273 87
1774533260281 533.3333333333334 88
1774533260282 539.3939393939394 89
1774533260283 545.4545454545455 90
1774533260283 551.5151515151515 91
1774533260284 557.5757575757576 92
1774533260285 563.6363636363636 93
1774533260286 569.6969696969697 94
1774533260286 575.7575757575758 95
1774533260287 581.8181818181818 96
1774533260288 587.8787878787879 97
1774533260288 593.9393939393939 98
1774533260289 600.0 99
