1774533260150 0.0 0
1774533260151 -0.0007626515125749899 1
1774533260151 -0.0030402999487786748 2
1774533260152 -0.00681748615632913 3
1774533260153 -0.012078750982944437 4
1774533260154 -0.01880863527634266 5
1774533260154 -0.026991679884241872 6
1774533260155 -0.03661242565436017 7
1774533260156 -0.0476554134344156 8
1774533260156 -0.06010518407212624 9
1774533260157 -0.07394627841521016 10
1774533260158 -0.08916323731138551 11
1774533260158 -0.1057406016083702 12
1774533260159 -0.1236629121538825 13
1774533260160 -0.1429147097956404 14
1774533260161 -0.16348053538136192 15
1774533260161 -0.1853449297587652 16
1774533260162 -0.20849243377556834 17
1774533260163 -0.23290758827948926 18
1774533260163 -0.258574934118246 19
1774533260164 -0.28547901213955695 20
1774533260165 -0.31360436319114 21
1774533260165 -0.3429355281207133 22
1774533260166 -0.37345704777599487 23
1774533260167 -0.40515346300470256 24
1774533260167 -0.4380093146545549 25
1774533260168 -0.4720091435732696 26
1774533260169 -0.507137490608565 27
1774533260169 -0.543378896608159 28
1774533260170 -0.5807179024197696 29
1774533260171 -0.6191390488911152 30
1774533260172 -0.6586268768699135 31
1774533260172 -0.6991659272038827 32
1774533260173 -0.740740740740741 33
1774533260174 -0.7833358583282063 34
1774533260174 -0.8269358208139967 35
1774533260175 -0.8715251690458304 36
1774533260176 -0.9170884438714256 37
1774533260177 -0.9636101861385 38
1774533260178 -1.011074936694772 39
1774533260178 -1.0594672363879591 40
1774533260179 -1.1087716260657803 41
1774533260180 -1.158972646575953 42
1774533260180 -1.2100548387661954 43
1774533260181 -1.2620027434842256 44
1774533260182 -1.3148009015777617 45
1774533260183 -1.3684338538945218 46
1774533260183 -1.4228861412822238 47
1774533260184 -1.4781423045885858 48
1774533260185 -1.5341868846613262 49
1774533260185 -1.591004422348163 50
1774533260186 -1.6485794584968143 51
1774533260187 -1.7068965339549977 52
1774533260187 -1.7659401895704319 53
1774533260188 -1.8256949661908344 54
1774533260189 -1.8861454046639232 55
1774533260189 -1.9472760458374174 56
1774533260190 -2.0090714305590343 57
1774533260191 -2.071516099676492 58
1774533260191 -2.1345945940375084 59
1774533260192 -2.1982914544898025 60
1774533260193 -2.2625912218810904 61
1774533260193 -2.327478437059093 62
1774533260194 -2.392937640871525 63
1774533260195 -2.4589533741661085 64
1774533260195 -2.5255101777905575 65
1774533260196 -2.592592592592593 66
1774533260197 -2.6601851594199317 67
1774533260198 -2.7282724191202927 68
1774533260198 -2.7968389125413924 69
1774533260199 -2.8658691805309506 70
1774533260200 -2.935347763936684 71
1774533260200 -3.0052592036063115 72
1774533260201 -3.0755880403875504 73
1774533260202 -3.1463188151281214 74
1774533260202 -3.217436068675738 75
1774533260203 -3.288924341878123 76
1774533260204 -3.3607681755829892 77
1774533260205 -3.4329521106380616 78
1774533260205 -3.505460687891052 79
1774533260206 -3.5782784481896823 80
1774533260207 -3.651389932381668 81
1774533260207 -3.7247796813147285 82
1774533260208 -3.798432235836582 83
1774533260209 -3.8723321367949466 84
1774533260210 -3.94646392503754 85
1774533260210 -4.0208121414120805 86
1774533260211 -4.095361326766286 87
1774533260212 -4.170096021947875 88
1774533260212 -4.245000767804563 89
1774533260213 -4.320060105184074 90
1774533260214 -4.395258574934119 91
1774533260214 -4.470580717902421 92
1774533260215 -4.546011074936696 93
1774533260216 -4.621534186884664 94
1774533260216 -4.697134594594038 95
1774533260217 -4.772796838912543 96
1774533260218 -4.848505460687892 97
1774533260218 -4.9242450007678045 98
1774533260219 -5.000000000000002 99
