1781600264912 0.0 0
1781600264915 6.0606060606060606 1
1781600264919 12.121212121212121 2
1781600264921 18.18181818181818 3
1781600264924 24.242424242424242 4
1781600264924 30.303030303030305 5
1781600264924 36.36363636363636 6
1781600264924 42.42424242424242 7
1781600264939 48.484848484848484 8
1781600264942 54.54545454545455 9
1781600264944 60.60606060606061 10
1781600264946 66.66666666666667 11
1781600264949 72.72727272727272 12
1781600264951 78.78787878787878 13
1781600264953 84.84848484848484 14
1781600264956 90.9090909090909 15
1781600264956 96.96969696969697 16
1781600264956 103.03030303030303 17
1781600264956 109.0909090909091 18
1781600264956 115.15151515151516 19
1781600264956 121.21212121212122 20
1781600264970 127.27272727272727 21
1781600264973 133.33333333333334 22
1781600264976 139.3939393939394 23
1781600264978 145.45454545454544 24
1781600264980 151.5151515151515 25
1781600264982 157.57575757575756 26
1781600264984 163.63636363636363 27
1781600264986 169.6969696969697 28
1781600264987 175.75757575757575 29
1781600264989 181.8181818181818 30
1781600264992 187.87878787878788 31
1781600264994 193.93939393939394 32
1781600264996 200.0 33
1781600264998 206.06060606060606 34
1781600265000 212.12121212121212 35
1781600265003 218.1818181818182 36
1781600265006 224.24242424242425 37
1781600265006 230.3030303030303 38
1781600265006 236.36363636363637 39
1781600265006 242.42424242424244 40
1781600265006 248.48484848484847 41
1781600265006 254.54545454545453 42
1781600265006 260.6060606060606 43
1781600265021 266.6666666666667 44
1781600265025 272.72727272727275 45
1781600265025 278.7878787878788 46
1781600265025 284.8484848484849 47
1781600265025 290.9090909090909 48
1781600265025 296.96969696969694 49
1781600265025 303.030303030303 50
1781600265037 309.09090909090907 51
1781600265039 315.1515151515151 52
1781600265041 321.2121212121212 53
1781600265043 327.27272727272725 54
1781600265045 333.3333333333333 55
1781600265047 339.3939393939394 56
1781600265049 345.45454545454544 57
1781600265051 351.5151515151515 58
1781600265052 357.57575757575756 59
1781600265054 363.6363636363636 60
1781600265056 369.6969696969697 61
1781600265056 375.75757575757575 62
1781600265056 381.8181818181818 63
1781600265062 387.8787878787879 64
1781600265064 393.93939393939394 65
1781600265066 400.0 66
1781600265068 406.06060606060606 67
1781600265070 412.1212121212121 68
1781600265072 418.1818181818182 69
1781600265074 424.24242424242425 70
1781600265076 430.3030303030303 71
1781600265076 436.3636363636364 72
1781600265078 442.42424242424244 73
1781600265080 448.4848484848485 74
1781600265082 454.54545454545456 75
1781600265087 460.6060606060606 76
1781600265089 466.6666666666667 77
1781600265091 472.72727272727275 78
1781600265094 478.7878787878788 79
1781600265095 484.8484848484849 80
1781600265097 490.9090909090909 81
1781600265099 496.96969696969694 82
1781600265101 503.030303030303 83
1781600265103 509.09090909090907 84
1781600265104 515.1515151515151 85
1781600265107 521.2121212121212 86
1781600265107 527.2727272727273 87
1781600265107 533.3333333333334 88
1781600265107 539.3939393939394 89
1781600265107 545.4545454545455 90
1781600265107 551.5151515151515 91
1781600265107 557.5757575757576 92
1781600265120 563.6363636363636 93
1781600265122 569.6969696969697 94
1781600265124 575.7575757575758 95
1781600265126 581.8181818181818 96
1781600265126 587.8787878787879 97
1781600265126 593.9393939393939 98
1781600265126 600.0 99
