1781600264683 0.0 0
1781600264685 -0.0007626515125749897 1
1781600264687 -0.003040299948778675 2
1781600264689 -0.006817486156329138 3
1781600264690 -0.012078750982944458 4
1781600264690 -0.018808635276342703 5
1781600264690 -0.02699167988424192 6
1781600264699 -0.036612425654360216 7
1781600264701 -0.04765541343441565 8
1781600264701 -0.060105184072126276 9
1781600264704 -0.07394627841521018 10
1781600264704 -0.08916323731138547 11
1781600264704 -0.10574060160837014 12
1781600264704 -0.12366291215388237 13
1781600264712 -0.1429147097956402 14
1781600264716 -0.16348053538136165 15
1781600264716 -0.18534492975876488 16
1781600264716 -0.2084924337755679 17
1781600264716 -0.23290758827948888 18
1781600264716 -0.25857493411824567 19
1781600264728 -0.2854790121395567 20
1781600264728 -0.3136043631911397 21
1781600264728 -0.34293552812071304 22
1781600264728 -0.37345704777599464 23
1781600264728 -0.40515346300470245 24
1781600264728 -0.4380093146545547 25
1781600264728 -0.47200914357326956 26
1781600264744 -0.507137490608565 27
1781600264748 -0.543378896608159 28
1781600264751 -0.5807179024197697 29
1781600264755 -0.6191390488911153 30
1781600264755 -0.6586268768699137 31
1781600264755 -0.699165927203883 32
1781600264755 -0.7407407407407414 33
1781600264755 -0.7833358583282068 34
1781600264755 -0.8269358208139972 35
1781600264755 -0.8715251690458312 36
1781600264772 -0.9170884438714262 37
1781600264774 -0.9636101861385005 38
1781600264776 -1.0110749366947727 39
1781600264778 -1.0594672363879598 40
1781600264780 -1.1087716260657807 41
1781600264782 -1.1589726465759536 42
1781600264783 -1.210054838766196 43
1781600264785 -1.2620027434842265 44
1781600264788 -1.3148009015777626 45
1781600264791 -1.3684338538945229 46
1781600264793 -1.4228861412822247 47
1781600264795 -1.4781423045885866 48
1781600264798 -1.5341868846613274 49
1781600264800 -1.5910044223481639 50
1781600264802 -1.648579458496815 51
1781600264804 -1.7068965339549984 52
1781600264804 -1.7659401895704325 53
1781600264804 -1.825694966190835 54
1781600264804 -1.886145404663924 55
1781600264804 -1.947276045837418 56
1781600264804 -2.0090714305590347 57
1781600264804 -2.0715160996764923 58
1781600264820 -2.134594594037509 59
1781600264822 -2.1982914544898025 60
1781600264824 -2.2625912218810904 61
1781600264826 -2.327478437059093 62
1781600264828 -2.3929376408715246 63
1781600264828 -2.458953374166108 64
1781600264830 -2.5255101777905566 65
1781600264832 -2.5925925925925926 66
1781600264834 -2.660185159419931 67
1781600264840 -2.7282724191202923 68
1781600264844 -2.796838912541391 69
1781600264846 -2.865869180530949 70
1781600264848 -2.9353477639366825 71
1781600264850 -3.00525920360631 72
1781600264853 -3.075588040387549 73
1781600264855 -3.1463188151281196 74
1781600264858 -3.217436068675736 75
1781600264860 -3.288924341878121 76
1781600264862 -3.3607681755829875 77
1781600264864 -3.432952110638059 78
1781600264866 -3.505460687891049 79
1781600264869 -3.5782784481896797 80
1781600264871 -3.651389932381665 81
1781600264872 -3.724779681314725 82
1781600264874 -3.7984322358365796 83
1781600264876 -3.872332136794942 84
1781600264878 -3.946463925037537 85
1781600264880 -4.020812141412077 86
1781600264883 -4.095361326766281 87
1781600264885 -4.17009602194787 88
1781600264887 -4.245000767804558 89
1781600264887 -4.3200601051840675 90
1781600264891 -4.395258574934114 91
1781600264891 -4.470580717902416 92
1781600264891 -4.54601107493669 93
1781600264891 -4.621534186884658 94
1781600264891 -4.697134594594032 95
1781600264891 -4.7727968389125355 96
1781600264905 -4.848505460687887 97
1781600264908 -4.9242450007678 98
1781600264910 -4.9999999999999964 99
