1774533260313 0.0 0
1774533260314 -0.0007626515125749891 1
1774533260315 -0.0030402999487786765 2
1774533260315 -0.006817486156329135 3
1774533260316 -0.012078750982944444 4
1774533260317 -0.018808635276342675 5
1774533260317 -0.026991679884241882 6
1774533260318 -0.03661242565436018 7
1774533260319 -0.047655413434415615 8
1774533260319 -0.06010518407212625 9
1774533260320 -0.07394627841521018 10
1774533260321 -0.08916323731138548 11
1774533260322 -0.10574060160837018 12
1774533260322 -0.12366291215388243 13
1774533260323 -0.14291470979564033 14
1774533260324 -0.1634805353813618 15
1774533260324 -0.18534492975876507 16
1774533260325 -0.2084924337755682 17
1774533260326 -0.23290758827948913 18
1774533260326 -0.25857493411824595 19
1774533260327 -0.28547901213955695 20
1774533260328 -0.31360436319114 21
1774533260329 -0.3429355281207134 22
1774533260329 -0.373457047775995 23
1774533260330 -0.4051534630047027 24
1774533260331 -0.43800931465455506 25
1774533260331 -0.47200914357326984 26
1774533260332 -0.5071374906085653 27
1774533260333 -0.5433788966081592 28
1774533260334 -0.58071790241977 29
1774533260334 -0.6191390488911155 30
1774533260335 -0.658626876869914 31
1774533260336 -0.6991659272038832 32
1774533260336 -0.7407407407407416 33
1774533260337 -0.783335858328207 34
1774533260338 -0.8269358208139974 35
1774533260338 -0.8715251690458313 36
1774533260339 -0.9170884438714263 37
1774533260340 -0.9636101861385009 38
1774533260341 -1.0110749366947727 39
1774533260341 -1.05946723638796 40
1774533260342 -1.108771626065781 41
1774533260343 -1.1589726465759538 42
1774533260343 -1.2100548387661965 43
1774533260344 -1.2620027434842267 44
1774533260345 -1.314800901577763 45
1774533260345 -1.368433853894523 46
1774533260346 -1.4228861412822253 47
1774533260347 -1.478142304588587 48
1774533260348 -1.5341868846613278 49
1774533260348 -1.5910044223481643 50
1774533260349 -1.6485794584968156 51
1774533260350 -1.706896533954999 52
1774533260350 -1.765940189570433 53
1774533260351 -1.825694966190836 54
1774533260352 -1.886145404663925 55
1774533260352 -1.9472760458374188 56
1774533260353 -2.0090714305590356 57
1774533260354 -2.071516099676493 58
1774533260355 -2.1345945940375097 59
1774533260355 -2.1982914544898033 60
1774533260359 -2.2625912218810913 61
1774533260360 -2.3274784370590944 62
1774533260361 -2.3929376408715264 63
1774533260361 -2.4589533741661103 64
1774533260362 -2.5255101777905593 65
1774533260363 -2.592592592592595 66
1774533260363 -2.6601851594199326 67
1774533260364 -2.7282724191202945 68
1774533260365 -2.7968389125413937 69
1774533260366 -2.865869180530952 70
1774533260377 -2.935347763936685 71
1774533260378 -3.005259203606313 72
1774533260379 -3.075588040387552 73
1774533260380 -3.1463188151281223 74
1774533260381 -3.217436068675739 75
1774533260381 -3.2889243418781238 76
1774533260382 -3.3607681755829915 77
1774533260383 -3.4329521106380634 78
1774533260383 -3.5054606878910537 79
1774533260384 -3.578278448189684 80
1774533260385 -3.6513899323816688 81
1774533260386 -3.72477968131473 82
1774533260386 -3.798432235836583 83
1774533260387 -3.8723321367949475 84
1774533260388 -3.9464639250375413 85
1774533260388 -4.020812141412082 86
1774533260389 -4.095361326766288 87
1774533260390 -4.1700960219478755 88
1774533260391 -4.245000767804566 89
1774533260391 -4.320060105184075 90
1774533260392 -4.39525857493412 91
1774533260393 -4.470580717902422 92
1774533260393 -4.546011074936697 93
1774533260394 -4.621534186884665 94
1774533260395 -4.69713459459404 95
1774533260395 -4.772796838912544 96
1774533260396 -4.848505460687894 97
1774533260397 -4.924245000767806 98
1774533260399 -5.0000000000000036 99
