1774533260400 0.0 0
1774533260400 6.0606060606060606 1
1774533260401 12.121212121212121 2
1774533260402 18.18181818181818 3
1774533260402 24.242424242424242 4
1774533260403 30.303030303030305 5
1774533260404 36.36363636363636 6
1774533260404 42.42424242424242 7
1774533260405 48.484848484848484 8
1774533260406 54.54545454545455 9
1774533260407 60.60606060606061 10
1774533260407 66.66666666666667 11
1774533260408 72.72727272727272 12
1774533260409 78.78787878787878 13
1774533260409 84.84848484848484 14
1774533260410 90.9090909090909 15
1774533260411 96.96969696969697 16
1774533260411 103.03030303030303 17
1774533260412 109.0909090909091 18
1774533260413 115.15151515151516 19
1774533260414 121.21212121212122 20
1774533260414 127.27272727272727 21
1774533260415 133.33333333333334 22
1774533260416 139.3939393939394 23
1774533260417 145.45454545454544 24
1774533260417 151.5151515151515 25
1774533260418 157.57575757575756 26
1774533260419 163.63636363636363 27
1774533260419 169.6969696969697 28
1774533260420 175.75757575757575 29
1774533260421 181.8181818181818 30
1774533260421 187.87878787878788 31
1774533260422 193.93939393939394 32
1774533260423 200.0 33
1774533260423 206.06060606060606 34
1774533260424 212.12121212121212 35
1774533260425 218.1818181818182 36
1774533260425 224.24242424242425 37
1774533260426 230.3030303030303 38
1774533260427 236.36363636363637 39
1774533260427 242.42424242424244 40
1774533260428 248.48484848484847 41
1774533260429 254.54545454545453 42
1774533260429 260.6060606060606 43
1774533260430 266.6666666666667 44
1774533260431 272.72727272727275 45
1774533260431 278.7878787878788 46
1774533260432 284.8484848484849 47
1774533260433 290.9090909090909 48
1774533260434 296.96969696969694 49
1774533260434 303.030303030303 50
1774533260435 309.09090909090907 51
1774533260436 315.1515151515151 52
1774533260436 321.2121212121212 53
1774533260437 327.27272727272725 54
1774533260438 333.3333333333333 55
1774533260438 339.3939393939394 56
1774533260439 345.45454545454544 57
1774533260440 351.5151515151515 58
1774533260440 357.57575757575756 59
1774533260441 363.6363636363636 60
1774533260442 369.6969696969697 61
1774533260442 375.75757575757575 62
1774533260443 381.8181818181818 63
1774533260444 387.8787878787879 64
1774533260444 393.93939393939394 65
1774533260445 400.0 66
1774533260446 406.06060606060606 67
1774533260446 412.1212121212121 68
1774533260447 418.1818181818182 69
1774533260448 424.24242424242425 70
1774533260448 430.3030303030303 71
1774533260449 436.3636363636364 72
1774533260450 442.42424242424244 73
1774533260451 448.4848484848485 74
1774533260451 454.54545454545456 75
1774533260452 460.6060606060606 76
1774533260453 466.6666666666667 77
1774533260453 472.72727272727275 78
1774533260454 478.7878787878788 79
1774533260455 484.8484848484849 80
1774533260455 490.9090909090909 81
1774533260456 496.96969696969694 82
1774533260457 503.030303030303 83
1774533260457 509.09090909090907 84
1774533260458 515.1515151515151 85
1774533260459 521.2121212121212 86
1774533260459 527.2727272727273 87
1774533260460 533.3333333333334 88
1774533260461 539.3939393939394 89
1774533260461 545.4545454545455 90
1774533260462 551.5151515151515 91
1774533260463 557.5757575757576 92
1774533260463 563.6363636363636 93
1774533260464 569.6969696969697 94
1774533260465 575.7575757575758 95
1774533260465 581.8181818181818 96
1774533260466 587.8787878787879 97
1774533260467 593.9393939393939 98
1774533260468 600.0 99
