1781631891114 0.0 0
1781631891114 -0.0007626515125749897 1
1781631891131 -0.003040299948778675 2
1781631891147 -0.006817486156329138 3
1781631891156 -0.012078750982944458 4
1781631891162 -0.018808635276342703 5
1781631891162 -0.02699167988424192 6
1781631891177 -0.036612425654360216 7
1781631891193 -0.04765541343441565 8
1781631891193 -0.060105184072126276 9
1781631891209 -0.07394627841521018 10
1781631891209 -0.08916323731138547 11
1781631891225 -0.10574060160837014 12
1781631891246 -0.12366291215388237 13
1781631891252 -0.1429147097956402 14
1781631891260 -0.16348053538136165 15
1781631891260 -0.18534492975876488 16
1781631891273 -0.2084924337755679 17
1781631891273 -0.23290758827948888 18
1781631891273 -0.25857493411824567 19
1781631891289 -0.2854790121395567 20
1781631891289 -0.3136043631911397 21
1781631891305 -0.34293552812071304 22
1781631891320 -0.37345704777599464 23
1781631891334 -0.40515346300470245 24
1781631891336 -0.4380093146545547 25
1781631891336 -0.47200914357326956 26
1781631891352 -0.507137490608565 27
1781631891372 -0.543378896608159 28
1781631891383 -0.5807179024197697 29
1781631891385 -0.6191390488911153 30
1781631891399 -0.6586268768699137 31
1781631891407 -0.699165927203883 32
1781631891414 -0.7407407407407414 33
1781631891414 -0.7833358583282068 34
1781631891430 -0.8269358208139972 35
1781631891446 -0.8715251690458312 36
1781631891452 -0.9170884438714262 37
1781631891462 -0.9636101861385005 38
1781631891478 -1.0110749366947727 39
1781631891478 -1.0594672363879598 40
1781631891505 -1.1087716260657807 41
1781631891519 -1.1589726465759536 42
1781631891529 -1.210054838766196 43
1781631891539 -1.2620027434842265 44
1781631891549 -1.3148009015777626 45
1781631891556 -1.3684338538945229 46
1781631891556 -1.4228861412822247 47
1781631891584 -1.4781423045885866 48
1781631891588 -1.5341868846613274 49
1781631891604 -1.5910044223481639 50
1781631891617 -1.648579458496815 51
1781631891624 -1.7068965339549984 52
1781631891635 -1.7659401895704325 53
1781631891635 -1.825694966190835 54
1781631891652 -1.886145404663924 55
1781631891652 -1.947276045837418 56
1781631891667 -2.0090714305590347 57
1781631891683 -2.0715160996764923 58
1781631891693 -2.134594594037509 59
1781631891699 -2.1982914544898025 60
1781631891699 -2.2625912218810904 61
1781631891717 -2.327478437059093 62
1781631891730 -2.3929376408715246 63
1781631891738 -2.458953374166108 64
1781631891752 -2.5255101777905566 65
1781631891764 -2.5925925925925926 66
1781631891767 -2.660185159419931 67
1781631891784 -2.7282724191202923 68
1781631891794 -2.796838912541391 69
1781631891794 -2.865869180530949 70
1781631891810 -2.9353477639366825 71
1781631891826 -3.00525920360631 72
1781631891830 -3.075588040387549 73
1781631891842 -3.1463188151281196 74
1781631891842 -3.217436068675736 75
1781631891857 -3.288924341878121 76
1781631891866 -3.3607681755829875 77
1781631891876 -3.432952110638059 78
1781631891885 -3.505460687891049 79
1781631891894 -3.5782784481896797 80
1781631891900 -3.651389932381665 81
1781631891909 -3.724779681314725 82
1781631891917 -3.7984322358365796 83
1781631891921 -3.872332136794942 84
1781631891928 -3.946463925037537 85
1781631891933 -4.020812141412077 86
1781631891937 -4.095361326766281 87
1781631891947 -4.17009602194787 88
1781631891953 -4.245000767804558 89
1781631891959 -4.3200601051840675 90
1781631891965 -4.395258574934114 91
1781631891975 -4.470580717902416 92
1781631891981 -4.54601107493669 93
1781631891989 -4.621534186884658 94
1781631891998 -4.697134594594032 95
1781631892008 -4.7727968389125355 96
1781631892017 -4.848505460687887 97
1781631892032 -4.9242450007678 98
1781631892033 -4.9999999999999964 99
