1773734693589 0.0 0
1773734693593 -0.0007626515125749899 1
1773734693602 -0.0030402999487786748 2
1773734693603 -0.006817486156329137 3
1773734693615 -0.012078750982944454 4
1773734693624 -0.018808635276342692 5
1773734693635 -0.02699167988424191 6
1773734693641 -0.0366124256543602 7
1773734693645 -0.04765541343441563 8
1773734693647 -0.06010518407212626 9
1773734693656 -0.07394627841521016 10
1773734693663 -0.08916323731138544 11
1773734693666 -0.10574060160837012 12
1773734693674 -0.12366291215388232 13
1773734693679 -0.14291470979564014 14
1773734693687 -0.16348053538136154 15
1773734693687 -0.18534492975876474 16
1773734693697 -0.20849243377556778 17
1773734693705 -0.23290758827948865 18
1773734693711 -0.2585749341182458 19
1773734693718 -0.28547901213955673 20
1773734693726 -0.31360436319113977 21
1773734693732 -0.3429355281207131 22
1773734693739 -0.37345704777599464 23
1773734693747 -0.40515346300470234 24
1773734693749 -0.43800931465455467 25
1773734693759 -0.4720091435732694 26
1773734693767 -0.5071374906085648 27
1773734693774 -0.5433788966081587 28
1773734693782 -0.5807179024197694 29
1773734693791 -0.6191390488911149 30
1773734693797 -0.6586268768699133 31
1773734693802 -0.6991659272038825 32
1773734693812 -0.7407407407407408 33
1773734693819 -0.7833358583282061 34
1773734693826 -0.8269358208139965 35
1773734693834 -0.8715251690458304 36
1773734693842 -0.9170884438714255 37
1773734693852 -0.9636101861384998 38
1773734693861 -1.0110749366947718 39
1773734693868 -1.059467236387959 40
1773734693879 -1.1087716260657798 41
1773734693884 -1.1589726465759524 42
1773734693900 -1.210054838766195 43
1773734693907 -1.2620027434842251 44
1773734693915 -1.3148009015777613 45
1773734693925 -1.3684338538945215 46
1773734693936 -1.4228861412822236 47
1773734693943 -1.4781423045885853 48
1773734693947 -1.5341868846613258 49
1773734693953 -1.5910044223481625 50
1773734693963 -1.6485794584968139 51
1773734693971 -1.7068965339549973 52
1773734693981 -1.7659401895704312 53
1773734693991 -1.825694966190834 54
1773734694000 -1.8861454046639226 55
1773734694010 -1.947276045837417 56
1773734694027 -2.009071430559034 57
1773734694032 -2.071516099676491 58
1773734694043 -2.1345945940375075 59
1773734694053 -2.198291454489801 60
1773734694061 -2.26259122188109 61
1773734694069 -2.327478437059092 62
1773734694079 -2.3929376408715237 63
1773734694088 -2.458953374166107 64
1773734694090 -2.5255101777905566 65
1773734694104 -2.5925925925925917 66
1773734694113 -2.6601851594199304 67
1773734694119 -2.728272419120292 68
1773734694128 -2.7968389125413906 69
1773734694135 -2.865869180530949 70
1773734694144 -2.935347763936682 71
1773734694153 -3.00525920360631 72
1773734694162 -3.0755880403875495 73
1773734694169 -3.1463188151281196 74
1773734694176 -3.217436068675736 75
1773734694184 -3.2889243418781207 76
1773734694201 -3.3607681755829875 77
1773734694205 -3.4329521106380594 78
1773734694211 -3.50546068789105 79
1773734694215 -3.5782784481896797 80
1773734694230 -3.6513899323816648 81
1773734694236 -3.724779681314725 82
1773734694246 -3.798432235836579 83
1773734694255 -3.872332136794942 84
1773734694264 -3.946463925037537 85
1773734694270 -4.020812141412076 86
1773734694277 -4.095361326766281 87
1773734694282 -4.17009602194787 88
1773734694290 -4.245000767804558 89
1773734694295 -4.320060105184068 90
1773734694298 -4.395258574934114 91
1773734694308 -4.470580717902416 92
1773734694315 -4.54601107493669 93
1773734694323 -4.621534186884656 94
1773734694329 -4.697134594594031 95
1773734694335 -4.772796838912535 96
1773734694341 -4.8485054606878855 97
1773734694349 -4.924245000767797 98
1773734694356 -4.999999999999995 99
