1773734694364 0.0 0
1773734694370 6.0606060606060606 1
1773734694381 12.121212121212121 2
1773734694387 18.18181818181818 3
1773734694391 24.242424242424242 4
1773734694401 30.303030303030305 5
1773734694408 36.36363636363636 6
1773734694416 42.42424242424242 7
1773734694422 48.484848484848484 8
1773734694429 54.54545454545455 9
1773734694439 60.60606060606061 10
1773734694447 66.66666666666667 11
1773734694453 72.72727272727272 12
1773734694460 78.78787878787878 13
1773734694468 84.84848484848484 14
1773734694474 90.9090909090909 15
1773734694484 96.96969696969697 16
1773734694488 103.03030303030303 17
1773734694494 109.0909090909091 18
1773734694501 115.15151515151516 19
1773734694509 121.21212121212122 20
1773734694517 127.27272727272727 21
1773734694524 133.33333333333334 22
1773734694529 139.3939393939394 23
1773734694535 145.45454545454544 24
1773734694542 151.5151515151515 25
1773734694549 157.57575757575756 26
1773734694556 163.63636363636363 27
1773734694562 169.6969696969697 28
1773734694568 175.75757575757575 29
1773734694576 181.8181818181818 30
1773734694583 187.87878787878788 31
1773734694590 193.93939393939394 32
1773734694599 200.0 33
1773734694607 206.06060606060606 34
1773734694614 212.12121212121212 35
1773734694621 218.1818181818182 36
1773734694628 224.24242424242425 37
1773734694637 230.3030303030303 38
1773734694644 236.36363636363637 39
1773734694652 242.42424242424244 40
1773734694658 248.48484848484847 41
1773734694665 254.54545454545453 42
1773734694672 260.6060606060606 43
1773734694679 266.6666666666667 44
1773734694689 272.72727272727275 45
1773734694696 278.7878787878788 46
1773734694703 284.8484848484849 47
1773734694718 290.9090909090909 48
1773734694721 296.96969696969694 49
1773734694729 303.030303030303 50
1773734694738 309.09090909090907 51
1773734694742 315.1515151515151 52
1773734694748 321.2121212121212 53
1773734694755 327.27272727272725 54
1773734694759 333.3333333333333 55
1773734694763 339.3939393939394 56
1773734694769 345.45454545454544 57
1773734694776 351.5151515151515 58
1773734694782 357.57575757575756 59
1773734694788 363.6363636363636 60
1773734694794 369.6969696969697 61
1773734694805 375.75757575757575 62
1773734694815 381.8181818181818 63
1773734694821 387.8787878787879 64
1773734694832 393.93939393939394 65
1773734694842 400.0 66
1773734694848 406.06060606060606 67
1773734694859 412.1212121212121 68
1773734694871 418.1818181818182 69
1773734694886 424.24242424242425 70
1773734694903 430.3030303030303 71
1773734694924 436.3636363636364 72
1773734694938 442.42424242424244 73
1773734694951 448.4848484848485 74
1773734694963 454.54545454545456 75
1773734694975 460.6060606060606 76
1773734694982 466.6666666666667 77
1773734694993 472.72727272727275 78
1773734695007 478.7878787878788 79
1773734695019 484.8484848484849 80
1773734695028 490.9090909090909 81
1773734695034 496.96969696969694 82
1773734695044 503.030303030303 83
1773734695054 509.09090909090907 84
1773734695063 515.1515151515151 85
1773734695070 521.2121212121212 86
1773734695081 527.2727272727273 87
1773734695090 533.3333333333334 88
1773734695098 539.3939393939394 89
1773734695109 545.4545454545455 90
1773734695116 551.5151515151515 91
1773734695126 557.5757575757576 92
1773734695143 563.6363636363636 93
1773734695157 569.6969696969697 94
1773734695169 575.7575757575758 95
1773734695195 581.8181818181818 96
1773734695222 587.8787878787879 97
1773734695241 593.9393939393939 98
1773734695255 600.0 99
