1781600263342 0.0 0
1781600263347 -0.0007626515125749894 1
1781600263351 -0.0030402999487786735 2
1781600263356 -0.0068174861563291365 3
1781600263361 -0.01207875098294446 4
1781600263365 -0.018808635276342703 5
1781600263370 -0.026991679884241934 6
1781600263377 -0.03661242565436024 7
1781600263383 -0.04765541343441568 8
1781600263388 -0.06010518407212633 9
1781600263392 -0.07394627841521026 10
1781600263396 -0.08916323731138556 11
1781600263399 -0.10574060160837027 12
1781600263403 -0.12366291215388252 13
1781600263404 -0.14291470979564042 14
1781600263404 -0.16348053538136192 15
1781600263404 -0.1853449297587652 16
1781600263404 -0.2084924337755684 17
1781600263420 -0.2329075882794894 18
1781600263420 -0.25857493411824567 19
1781600263420 -0.2854790121395566 20
1781600263435 -0.31360436319113966 21
1781600263435 -0.342935528120713 22
1781600263444 -0.37345704777599453 23
1781600263444 -0.40515346300470223 24
1781600263452 -0.4380093146545545 25
1781600263456 -0.4720091435732693 26
1781600263461 -0.5071374906085646 27
1781600263461 -0.5433788966081585 28
1781600263461 -0.5807179024197692 29
1781600263471 -0.6191390488911146 30
1781600263471 -0.6586268768699131 31
1781600263471 -0.6991659272038822 32
1781600263471 -0.7407407407407405 33
1781600263487 -0.7833358583282057 34
1781600263491 -0.8269358208139963 35
1781600263494 -0.8715251690458299 36
1781600263496 -0.9170884438714251 37
1781600263499 -0.9636101861384994 38
1781600263502 -1.011074936694771 39
1781600263506 -1.0594672363879587 40
1781600263508 -1.1087716260657796 41
1781600263511 -1.158972646575952 42
1781600263514 -1.2100548387661947 43
1781600263517 -1.2620027434842251 44
1781600263521 -1.3148009015777613 45
1781600263521 -1.3684338538945213 46
1781600263521 -1.4228861412822233 47
1781600263521 -1.478142304588585 48
1781600263521 -1.5341868846613258 49
1781600263537 -1.5910044223481623 50
1781600263538 -1.6485794584968136 51
1781600263538 -1.706896533954997 52
1781600263545 -1.7659401895704312 53
1781600263545 -1.825694966190834 54
1781600263554 -1.8861454046639228 55
1781600263557 -1.9472760458374172 56
1781600263560 -2.009071430559034 57
1781600263563 -2.0715160996764914 58
1781600263565 -2.1345945940375084 59
1781600263569 -2.198291454489802 60
1781600263573 -2.26259122188109 61
1781600263576 -2.3274784370590926 62
1781600263579 -2.3929376408715246 63
1781600263581 -2.458953374166108 64
1781600263584 -2.5255101777905575 65
1781600263588 -2.592592592592593 66
1781600263588 -2.6601851594199317 67
1781600263595 -2.728272419120293 68
1781600263595 -2.7968389125413924 69
1781600263603 -2.865869180530951 70
1781600263607 -2.935347763936684 71
1781600263612 -3.0052592036063115 72
1781600263612 -3.0755880403875513 73
1781600263612 -3.146318815128122 74
1781600263623 -3.2174360686757386 75
1781600263626 -3.2889243418781238 76
1781600263629 -3.360768175582991 77
1781600263635 -3.432952110638063 78
1781600263637 -3.5054606878910537 79
1781600263637 -3.5782784481896845 80
1781600263637 -3.651389932381669 81
1781600263648 -3.72477968131473 82
1781600263648 -3.7984322358365845 83
1781600263652 -3.8723321367949484 84
1781600263660 -3.9464639250375426 85
1781600263664 -4.020812141412083 86
1781600263667 -4.095361326766288 87
1781600263670 -4.170096021947878 88
1781600263673 -4.245000767804566 89
1781600263676 -4.320060105184077 90
1781600263679 -4.395258574934122 91
1781600263682 -4.470580717902425 92
1781600263684 -4.546011074936699 93
1781600263688 -4.621534186884666 94
1781600263688 -4.697134594594043 95
1781600263688 -4.772796838912546 96
1781600263697 -4.848505460687897 97
1781600263697 -4.924245000767809 98
1781600263705 -5.000000000000006 99
