1781600264105 0.0 0
1781600264105 -0.0007626515125749892 1
1781600264121 -0.0030402999487786743 2
1781600264121 -0.006817486156329138 3
1781600264121 -0.01207875098294446 4
1781600264121 -0.01880863527634271 5
1781600264121 -0.02699167988424193 6
1781600264121 -0.03661242565436023 7
1781600264121 -0.04765541343441567 8
1781600264141 -0.06010518407212631 9
1781600264141 -0.07394627841521022 10
1781600264141 -0.08916323731138552 11
1781600264141 -0.10574060160837022 12
1781600264151 -0.12366291215388246 13
1781600264152 -0.1429147097956403 14
1781600264156 -0.16348053538136176 15
1781600264158 -0.185344929758765 16
1781600264160 -0.2084924337755681 17
1781600264162 -0.23290758827948904 18
1781600264164 -0.2585749341182458 19
1781600264168 -0.28547901213955673 20
1781600264168 -0.3136043631911397 21
1781600264171 -0.3429355281207131 22
1781600264175 -0.37345704777599464 23
1781600264175 -0.40515346300470234 24
1781600264175 -0.4380093146545546 25
1781600264175 -0.4720091435732694 26
1781600264184 -0.5071374906085647 27
1781600264184 -0.5433788966081587 28
1781600264189 -0.5807179024197693 29
1781600264189 -0.6191390488911148 30
1781600264193 -0.6586268768699132 31
1781600264193 -0.6991659272038824 32
1781600264193 -0.7407407407407406 33
1781600264201 -0.783335858328206 34
1781600264201 -0.8269358208139965 35
1781600264201 -0.8715251690458302 36
1781600264201 -0.9170884438714253 37
1781600264201 -0.9636101861384998 38
1781600264201 -1.0110749366947716 39
1781600264215 -1.059467236387959 40
1781600264215 -1.1087716260657798 41
1781600264215 -1.1589726465759524 42
1781600264215 -1.2100548387661951 43
1781600264215 -1.2620027434842254 44
1781600264215 -1.3148009015777615 45
1781600264215 -1.3684338538945215 46
1781600264231 -1.4228861412822236 47
1781600264231 -1.4781423045885853 48
1781600264231 -1.534186884661326 49
1781600264231 -1.5910044223481628 50
1781600264245 -1.648579458496814 51
1781600264248 -1.7068965339549973 52
1781600264250 -1.7659401895704314 53
1781600264253 -1.8256949661908342 54
1781600264256 -1.8861454046639232 55
1781600264258 -1.9472760458374172 56
1781600264260 -2.0090714305590343 57
1781600264263 -2.071516099676492 58
1781600264265 -2.1345945940375084 59
1781600264267 -2.1982914544898025 60
1781600264269 -2.2625912218810904 61
1781600264273 -2.327478437059093 62
1781600264275 -2.392937640871525 63
1781600264277 -2.458953374166109 64
1781600264279 -2.525510177790558 65
1781600264282 -2.592592592592593 66
1781600264284 -2.660185159419932 67
1781600264286 -2.728272419120293 68
1781600264289 -2.796838912541393 69
1781600264289 -2.8658691805309506 70
1781600264289 -2.9353477639366843 71
1781600264289 -3.005259203606312 72
1781600264289 -3.0755880403875513 73
1781600264301 -3.146318815128122 74
1781600264302 -3.2174360686757386 75
1781600264302 -3.2889243418781233 76
1781600264302 -3.3607681755829906 77
1781600264302 -3.432952110638063 78
1781600264302 -3.5054606878910533 79
1781600264302 -3.5782784481896828 80
1781600264318 -3.6513899323816688 81
1781600264318 -3.724779681314729 82
1781600264318 -3.798432235836583 83
1781600264318 -3.872332136794947 84
1781600264318 -3.946463925037542 85
1781600264318 -4.020812141412082 86
1781600264318 -4.0953613267662865 87
1781600264318 -4.170096021947876 88
1781600264334 -4.245000767804566 89
1781600264334 -4.320060105184075 90
1781600264334 -4.39525857493412 91
1781600264334 -4.470580717902423 92
1781600264334 -4.546011074936697 93
1781600264334 -4.621534186884664 94
1781600264334 -4.69713459459404 95
1781600264353 -4.772796838912543 96
1781600264353 -4.8485054606878935 97
1781600264353 -4.924245000767805 98
1781600264353 -5.000000000000003 99
