1774533260036 0.0 0
1774533260037 6.0606060606060606 1
1774533260038 12.121212121212121 2
1774533260038 18.18181818181818 3
1774533260039 24.242424242424242 4
1774533260040 30.303030303030305 5
1774533260040 36.36363636363636 6
1774533260041 42.42424242424242 7
1774533260042 48.484848484848484 8
1774533260042 54.54545454545455 9
1774533260043 60.60606060606061 10
1774533260044 66.66666666666667 11
1774533260044 72.72727272727272 12
1774533260045 78.78787878787878 13
1774533260046 84.84848484848484 14
1774533260046 90.9090909090909 15
1774533260047 96.96969696969697 16
1774533260048 103.03030303030303 17
1774533260048 109.0909090909091 18
1774533260053 115.15151515151516 19
1774533260054 121.21212121212122 20
1774533260055 127.27272727272727 21
1774533260056 133.33333333333334 22
1774533260057 139.3939393939394 23
1774533260057 145.45454545454544 24
1774533260058 151.5151515151515 25
1774533260059 157.57575757575756 26
1774533260059 163.63636363636363 27
1774533260060 169.6969696969697 28
1774533260060 175.75757575757575 29
1774533260061 181.8181818181818 30
1774533260062 187.87878787878788 31
1774533260062 193.93939393939394 32
1774533260063 200.0 33
1774533260064 206.06060606060606 34
1774533260064 212.12121212121212 35
1774533260065 218.1818181818182 36
1774533260066 224.24242424242425 37
1774533260067 230.3030303030303 38
1774533260067 236.36363636363637 39
1774533260068 242.42424242424244 40
1774533260068 248.48484848484847 41
1774533260069 254.54545454545453 42
1774533260070 260.6060606060606 43
1774533260070 266.6666666666667 44
1774533260071 272.72727272727275 45
1774533260072 278.7878787878788 46
1774533260072 284.8484848484849 47
1774533260073 290.9090909090909 48
1774533260074 296.96969696969694 49
1774533260074 303.030303030303 50
1774533260075 309.09090909090907 51
1774533260077 315.1515151515151 52
1774533260078 321.2121212121212 53
1774533260078 327.27272727272725 54
1774533260079 333.3333333333333 55
1774533260080 339.3939393939394 56
1774533260080 345.45454545454544 57
1774533260081 351.5151515151515 58
1774533260082 357.57575757575756 59
1774533260082 363.6363636363636 60
1774533260083 369.6969696969697 61
1774533260084 375.75757575757575 62
1774533260084 381.8181818181818 63
1774533260085 387.8787878787879 64
1774533260086 393.93939393939394 65
1774533260086 400.0 66
1774533260087 406.06060606060606 67
1774533260088 412.1212121212121 68
1774533260088 418.1818181818182 69
1774533260089 424.24242424242425 70
1774533260090 430.3030303030303 71
1774533260090 436.3636363636364 72
1774533260091 442.42424242424244 73
1774533260092 448.4848484848485 74
1774533260093 454.54545454545456 75
1774533260093 460.6060606060606 76
1774533260094 466.6666666666667 77
1774533260095 472.72727272727275 78
1774533260095 478.7878787878788 79
1774533260096 484.8484848484849 80
1774533260097 490.9090909090909 81
1774533260098 496.96969696969694 82
1774533260098 503.030303030303 83
1774533260099 509.09090909090907 84
1774533260100 515.1515151515151 85
1774533260101 521.2121212121212 86
1774533260101 527.2727272727273 87
1774533260102 533.3333333333334 88
1774533260103 539.3939393939394 89
1774533260103 545.4545454545455 90
1774533260104 551.5151515151515 91
1774533260105 557.5757575757576 92
1774533260106 563.6363636363636 93
1774533260106 569.6969696969697 94
1774533260107 575.7575757575758 95
1774533260108 581.8181818181818 96
1774533260108 587.8787878787879 97
1774533260109 593.9393939393939 98
1774533260110 600.0 99
