1774533259966 0.0 0
1774533259967 -0.0007626515125749902 1
1774533259967 -0.003040299948778674 2
1774533259968 -0.006817486156329131 3
1774533259969 -0.01207875098294444 4
1774533259969 -0.018808635276342675 5
1774533259970 -0.02699167988424188 6
1774533259971 -0.036612425654360174 7
1774533259971 -0.04765541343441561 8
1774533259972 -0.06010518407212624 9
1774533259973 -0.07394627841521016 10
1774533259973 -0.08916323731138547 11
1774533259974 -0.10574060160837018 12
1774533259975 -0.12366291215388243 13
1774533259976 -0.14291470979564033 14
1774533259977 -0.1634805353813618 15
1774533259978 -0.18534492975876507 16
1774533259978 -0.2084924337755682 17
1774533259979 -0.23290758827948913 18
1774533259980 -0.25857493411824595 19
1774533259980 -0.28547901213955695 20
1774533259981 -0.31360436319114 21
1774533259982 -0.3429355281207134 22
1774533259982 -0.37345704777599487 23
1774533259983 -0.4051534630047027 24
1774533259984 -0.43800931465455495 25
1774533259984 -0.4720091435732698 26
1774533259985 -0.5071374906085651 27
1774533259986 -0.5433788966081592 28
1774533259987 -0.5807179024197697 29
1774533259988 -0.6191390488911154 30
1774533259988 -0.6586268768699137 31
1774533259989 -0.699165927203883 32
1774533259990 -0.7407407407407413 33
1774533259990 -0.7833358583282068 34
1774533259991 -0.8269358208139973 35
1774533259992 -0.8715251690458311 36
1774533259992 -0.9170884438714262 37
1774533259993 -0.9636101861385005 38
1774533259994 -1.0110749366947727 39
1774533259994 -1.0594672363879598 40
1774533259995 -1.108771626065781 41
1774533259996 -1.1589726465759536 42
1774533259996 -1.2100548387661965 43
1774533259997 -1.2620027434842265 44
1774533259998 -1.3148009015777626 45
1774533259998 -1.3684338538945227 46
1774533259999 -1.422886141282225 47
1774533260000 -1.4781423045885869 48
1774533260000 -1.5341868846613274 49
1774533260001 -1.591004422348164 50
1774533260002 -1.6485794584968152 51
1774533260002 -1.7068965339549986 52
1774533260003 -1.7659401895704328 53
1774533260006 -1.8256949661908355 54
1774533260007 -1.8861454046639246 55
1774533260007 -1.9472760458374185 56
1774533260008 -2.0090714305590356 57
1774533260009 -2.071516099676493 58
1774533260009 -2.1345945940375097 59
1774533260010 -2.1982914544898033 60
1774533260011 -2.2625912218810917 61
1774533260011 -2.3274784370590944 62
1774533260012 -2.392937640871526 63
1774533260013 -2.45895337416611 64
1774533260013 -2.5255101777905593 65
1774533260014 -2.592592592592595 66
1774533260015 -2.6601851594199326 67
1774533260015 -2.728272419120294 68
1774533260016 -2.7968389125413937 69
1774533260017 -2.865869180530952 70
1774533260017 -2.9353477639366847 71
1774533260018 -3.005259203606313 72
1774533260019 -3.075588040387552 73
1774533260019 -3.1463188151281223 74
1774533260020 -3.2174360686757395 75
1774533260021 -3.288924341878124 76
1774533260021 -3.3607681755829915 77
1774533260022 -3.432952110638063 78
1774533260023 -3.505460687891054 79
1774533260023 -3.5782784481896837 80
1774533260024 -3.651389932381669 81
1774533260024 -3.72477968131473 82
1774533260025 -3.7984322358365836 83
1774533260026 -3.872332136794947 84
1774533260026 -3.9464639250375417 85
1774533260027 -4.020812141412082 86
1774533260028 -4.0953613267662865 87
1774533260028 -4.170096021947877 88
1774533260029 -4.245000767804566 89
1774533260030 -4.320060105184076 90
1774533260030 -4.39525857493412 91
1774533260031 -4.470580717902424 92
1774533260032 -4.546011074936697 93
1774533260032 -4.621534186884665 94
1774533260033 -4.69713459459404 95
1774533260034 -4.772796838912544 96
1774533260034 -4.848505460687894 97
1774533260035 -4.924245000767806 98
1774533260036 -5.0000000000000036 99
