1778509862364 0.0 0
1778509862364 6.0606060606060606 1
1778509862365 12.121212121212121 2
1778509862366 18.18181818181818 3
1778509862367 24.242424242424242 4
1778509862367 30.303030303030305 5
1778509862368 36.36363636363636 6
1778509862368 42.42424242424242 7
1778509862369 48.484848484848484 8
1778509862370 54.54545454545455 9
1778509862371 60.60606060606061 10
1778509862371 66.66666666666667 11
1778509862372 72.72727272727272 12
1778509862373 78.78787878787878 13
1778509862373 84.84848484848484 14
1778509862374 90.9090909090909 15
1778509862375 96.96969696969697 16
1778509862375 103.03030303030303 17
1778509862376 109.0909090909091 18
1778509862377 115.15151515151516 19
1778509862377 121.21212121212122 20
1778509862378 127.27272727272727 21
1778509862379 133.33333333333334 22
1778509862379 139.3939393939394 23
1778509862380 145.45454545454544 24
1778509862381 151.5151515151515 25
1778509862381 157.57575757575756 26
1778509862382 163.63636363636363 27
1778509862383 169.6969696969697 28
1778509862383 175.75757575757575 29
1778509862384 181.8181818181818 30
1778509862385 187.87878787878788 31
1778509862385 193.93939393939394 32
1778509862386 200.0 33
1778509862387 206.06060606060606 34
1778509862387 212.12121212121212 35
1778509862388 218.1818181818182 36
1778509862389 224.24242424242425 37
1778509862389 230.3030303030303 38
1778509862390 236.36363636363637 39
1778509862391 242.42424242424244 40
1778509862392 248.48484848484847 41
1778509862392 254.54545454545453 42
1778509862393 260.6060606060606 43
1778509862394 266.6666666666667 44
1778509862394 272.72727272727275 45
1778509862395 278.7878787878788 46
1778509862396 284.8484848484849 47
1778509862396 290.9090909090909 48
1778509862397 296.96969696969694 49
1778509862398 303.030303030303 50
1778509862398 309.09090909090907 51
1778509862399 315.1515151515151 52
1778509862400 321.2121212121212 53
1778509862401 327.27272727272725 54
1778509862401 333.3333333333333 55
1778509862402 339.3939393939394 56
1778509862403 345.45454545454544 57
1778509862403 351.5151515151515 58
1778509862404 357.57575757575756 59
1778509862405 363.6363636363636 60
1778509862405 369.6969696969697 61
1778509862406 375.75757575757575 62
1778509862407 381.8181818181818 63
1778509862407 387.8787878787879 64
1778509862408 393.93939393939394 65
1778509862409 400.0 66
1778509862409 406.06060606060606 67
1778509862410 412.1212121212121 68
1778509862411 418.1818181818182 69
1778509862412 424.24242424242425 70
1778509862412 430.3030303030303 71
1778509862413 436.3636363636364 72
1778509862414 442.42424242424244 73
1778509862414 448.4848484848485 74
1778509862415 454.54545454545456 75
1778509862416 460.6060606060606 76
1778509862417 466.6666666666667 77
1778509862417 472.72727272727275 78
1778509862418 478.7878787878788 79
1778509862419 484.8484848484849 80
1778509862419 490.9090909090909 81
1778509862420 496.96969696969694 82
1778509862421 503.030303030303 83
1778509862421 509.09090909090907 84
1778509862422 515.1515151515151 85
1778509862423 521.2121212121212 86
1778509862423 527.2727272727273 87
1778509862424 533.3333333333334 88
1778509862425 539.3939393939394 89
1778509862425 545.4545454545455 90
1778509862426 551.5151515151515 91
1778509862427 557.5757575757576 92
1778509862427 563.6363636363636 93
1778509862428 569.6969696969697 94
1778509862429 575.7575757575758 95
1778509862430 581.8181818181818 96
1778509862430 587.8787878787879 97
1778509862431 593.9393939393939 98
1778509862432 600.0 99
