1778509862005 0.0 0
1778509862006 6.0606060606060606 1
1778509862007 12.121212121212121 2
1778509862008 18.18181818181818 3
1778509862009 24.242424242424242 4
1778509862010 30.303030303030305 5
1778509862011 36.36363636363636 6
1778509862011 42.42424242424242 7
1778509862012 48.484848484848484 8
1778509862013 54.54545454545455 9
1778509862013 60.60606060606061 10
1778509862014 66.66666666666667 11
1778509862015 72.72727272727272 12
1778509862015 78.78787878787878 13
1778509862016 84.84848484848484 14
1778509862017 90.9090909090909 15
1778509862018 96.96969696969697 16
1778509862018 103.03030303030303 17
1778509862019 109.0909090909091 18
1778509862020 115.15151515151516 19
1778509862020 121.21212121212122 20
1778509862021 127.27272727272727 21
1778509862022 133.33333333333334 22
1778509862023 139.3939393939394 23
1778509862023 145.45454545454544 24
1778509862024 151.5151515151515 25
1778509862025 157.57575757575756 26
1778509862025 163.63636363636363 27
1778509862026 169.6969696969697 28
1778509862027 175.75757575757575 29
1778509862027 181.8181818181818 30
1778509862028 187.87878787878788 31
1778509862029 193.93939393939394 32
1778509862029 200.0 33
1778509862030 206.06060606060606 34
1778509862031 212.12121212121212 35
1778509862031 218.1818181818182 36
1778509862032 224.24242424242425 37
1778509862033 230.3030303030303 38
1778509862033 236.36363636363637 39
1778509862034 242.42424242424244 40
1778509862035 248.48484848484847 41
1778509862035 254.54545454545453 42
1778509862036 260.6060606060606 43
1778509862037 266.6666666666667 44
1778509862038 272.72727272727275 45
1778509862039 278.7878787878788 46
1778509862040 284.8484848484849 47
1778509862040 290.9090909090909 48
1778509862041 296.96969696969694 49
1778509862042 303.030303030303 50
1778509862043 309.09090909090907 51
1778509862043 315.1515151515151 52
1778509862044 321.2121212121212 53
1778509862045 327.27272727272725 54
1778509862045 333.3333333333333 55
1778509862046 339.3939393939394 56
1778509862047 345.45454545454544 57
1778509862048 351.5151515151515 58
1778509862049 357.57575757575756 59
1778509862049 363.6363636363636 60
1778509862050 369.6969696969697 61
1778509862051 375.75757575757575 62
1778509862051 381.8181818181818 63
1778509862052 387.8787878787879 64
1778509862053 393.93939393939394 65
1778509862054 400.0 66
1778509862054 406.06060606060606 67
1778509862055 412.1212121212121 68
1778509862056 418.1818181818182 69
1778509862056 424.24242424242425 70
1778509862059 430.3030303030303 71
1778509862060 436.3636363636364 72
1778509862061 442.42424242424244 73
1778509862061 448.4848484848485 74
1778509862062 454.54545454545456 75
1778509862063 460.6060606060606 76
1778509862064 466.6666666666667 77
1778509862064 472.72727272727275 78
1778509862065 478.7878787878788 79
1778509862066 484.8484848484849 80
1778509862070 490.9090909090909 81
1778509862071 496.96969696969694 82
1778509862071 503.030303030303 83
1778509862072 509.09090909090907 84
1778509862073 515.1515151515151 85
1778509862073 521.2121212121212 86
1778509862074 527.2727272727273 87
1778509862075 533.3333333333334 88
1778509862075 539.3939393939394 89
1778509862076 545.4545454545455 90
1778509862077 551.5151515151515 91
1778509862077 557.5757575757576 92
1778509862078 563.6363636363636 93
1778509862079 569.6969696969697 94
1778509862080 575.7575757575758 95
1778509862080 581.8181818181818 96
1778509862081 587.8787878787879 97
1778509862082 593.9393939393939 98
1778509862082 600.0 99
