1778509861935 0.0 0
1778509861935 -0.0007626515125749902 1
1778509861936 -0.003040299948778674 2
1778509861937 -0.006817486156329131 3
1778509861938 -0.01207875098294444 4
1778509861938 -0.018808635276342675 5
1778509861939 -0.02699167988424188 6
1778509861940 -0.036612425654360174 7
1778509861940 -0.04765541343441561 8
1778509861941 -0.06010518407212624 9
1778509861942 -0.07394627841521016 10
1778509861943 -0.08916323731138547 11
1778509861943 -0.10574060160837018 12
1778509861944 -0.12366291215388243 13
1778509861945 -0.14291470979564033 14
1778509861945 -0.1634805353813618 15
1778509861946 -0.18534492975876507 16
1778509861947 -0.2084924337755682 17
1778509861947 -0.23290758827948913 18
1778509861948 -0.25857493411824595 19
1778509861949 -0.28547901213955695 20
1778509861950 -0.31360436319114 21
1778509861950 -0.3429355281207134 22
1778509861951 -0.37345704777599487 23
1778509861952 -0.4051534630047027 24
1778509861952 -0.43800931465455495 25
1778509861953 -0.4720091435732698 26
1778509861954 -0.5071374906085651 27
1778509861955 -0.5433788966081592 28
1778509861956 -0.5807179024197697 29
1778509861956 -0.6191390488911154 30
1778509861957 -0.6586268768699137 31
1778509861958 -0.699165927203883 32
1778509861958 -0.7407407407407413 33
1778509861959 -0.7833358583282068 34
1778509861960 -0.8269358208139973 35
1778509861960 -0.8715251690458311 36
1778509861961 -0.9170884438714262 37
1778509861962 -0.9636101861385005 38
1778509861962 -1.0110749366947727 39
1778509861963 -1.0594672363879598 40
1778509861964 -1.108771626065781 41
1778509861964 -1.1589726465759536 42
1778509861965 -1.2100548387661965 43
1778509861966 -1.2620027434842265 44
1778509861966 -1.3148009015777626 45
1778509861967 -1.3684338538945227 46
1778509861967 -1.422886141282225 47
1778509861968 -1.4781423045885869 48
1778509861969 -1.5341868846613274 49
1778509861969 -1.591004422348164 50
1778509861970 -1.6485794584968152 51
1778509861971 -1.7068965339549986 52
1778509861971 -1.7659401895704328 53
1778509861972 -1.8256949661908355 54
1778509861974 -1.8861454046639246 55
1778509861974 -1.9472760458374185 56
1778509861975 -2.0090714305590356 57
1778509861976 -2.071516099676493 58
1778509861976 -2.1345945940375097 59
1778509861977 -2.1982914544898033 60
1778509861978 -2.2625912218810917 61
1778509861978 -2.3274784370590944 62
1778509861979 -2.392937640871526 63
1778509861980 -2.45895337416611 64
1778509861981 -2.5255101777905593 65
1778509861981 -2.592592592592595 66
1778509861982 -2.6601851594199326 67
1778509861983 -2.728272419120294 68
1778509861983 -2.7968389125413937 69
1778509861984 -2.865869180530952 70
1778509861985 -2.9353477639366847 71
1778509861985 -3.005259203606313 72
1778509861986 -3.075588040387552 73
1778509861987 -3.1463188151281223 74
1778509861987 -3.2174360686757395 75
1778509861988 -3.288924341878124 76
1778509861989 -3.3607681755829915 77
1778509861989 -3.432952110638063 78
1778509861990 -3.505460687891054 79
1778509861991 -3.5782784481896837 80
1778509861991 -3.651389932381669 81
1778509861992 -3.72477968131473 82
1778509861993 -3.7984322358365836 83
1778509861993 -3.872332136794947 84
1778509861994 -3.9464639250375417 85
1778509861995 -4.020812141412082 86
1778509861995 -4.0953613267662865 87
1778509861996 -4.170096021947877 88
1778509861997 -4.245000767804566 89
1778509861998 -4.320060105184076 90
1778509861998 -4.39525857493412 91
1778509861999 -4.470580717902424 92
1778509862000 -4.546011074936697 93
1778509862001 -4.621534186884665 94
1778509862002 -4.69713459459404 95
1778509862002 -4.772796838912544 96
1778509862003 -4.848505460687894 97
1778509862004 -4.924245000767806 98
1778509862005 -5.0000000000000036 99
