1778499690200 0.0 0
1778499690208 6.0606060606060606 1
1778499690216 12.121212121212121 2
1778499690226 18.18181818181818 3
1778499690234 24.242424242424242 4
1778499690240 30.303030303030305 5
1778499690249 36.36363636363636 6
1778499690255 42.42424242424242 7
1778499690266 48.484848484848484 8
1778499690272 54.54545454545455 9
1778499690279 60.60606060606061 10
1778499690286 66.66666666666667 11
1778499690294 72.72727272727272 12
1778499690301 78.78787878787878 13
1778499690310 84.84848484848484 14
1778499690317 90.9090909090909 15
1778499690322 96.96969696969697 16
1778499690332 103.03030303030303 17
1778499690338 109.0909090909091 18
1778499690347 115.15151515151516 19
1778499690354 121.21212121212122 20
1778499690361 127.27272727272727 21
1778499690368 133.33333333333334 22
1778499690376 139.3939393939394 23
1778499690386 145.45454545454544 24
1778499690392 151.5151515151515 25
1778499690401 157.57575757575756 26
1778499690405 163.63636363636363 27
1778499690414 169.6969696969697 28
1778499690423 175.75757575757575 29
1778499690433 181.8181818181818 30
1778499690440 187.87878787878788 31
1778499690451 193.93939393939394 32
1778499690461 200.0 33
1778499690468 206.06060606060606 34
1778499690475 212.12121212121212 35
1778499690482 218.1818181818182 36
1778499690488 224.24242424242425 37
1778499690497 230.3030303030303 38
1778499690504 236.36363636363637 39
1778499690513 242.42424242424244 40
1778499690521 248.48484848484847 41
1778499690528 254.54545454545453 42
1778499690533 260.6060606060606 43
1778499690538 266.6666666666667 44
1778499690544 272.72727272727275 45
1778499690550 278.7878787878788 46
1778499690556 284.8484848484849 47
1778499690561 290.9090909090909 48
1778499690566 296.96969696969694 49
1778499690572 303.030303030303 50
1778499690577 309.09090909090907 51
1778499690582 315.1515151515151 52
1778499690592 321.2121212121212 53
1778499690602 327.27272727272725 54
1778499690608 333.3333333333333 55
1778499690615 339.3939393939394 56
1778499690623 345.45454545454544 57
1778499690632 351.5151515151515 58
1778499690636 357.57575757575756 59
1778499690645 363.6363636363636 60
1778499690653 369.6969696969697 61
1778499690662 375.75757575757575 62
1778499690670 381.8181818181818 63
1778499690678 387.8787878787879 64
1778499690689 393.93939393939394 65
1778499690700 400.0 66
1778499690710 406.06060606060606 67
1778499690719 412.1212121212121 68
1778499690729 418.1818181818182 69
1778499690736 424.24242424242425 70
1778499690745 430.3030303030303 71
1778499690752 436.3636363636364 72
1778499690763 442.42424242424244 73
1778499690770 448.4848484848485 74
1778499690779 454.54545454545456 75
1778499690784 460.6060606060606 76
1778499690790 466.6666666666667 77
1778499690796 472.72727272727275 78
1778499690803 478.7878787878788 79
1778499690809 484.8484848484849 80
1778499690816 490.9090909090909 81
1778499690820 496.96969696969694 82
1778499690827 503.030303030303 83
1778499690831 509.09090909090907 84
1778499690840 515.1515151515151 85
1778499690845 521.2121212121212 86
1778499690852 527.2727272727273 87
1778499690859 533.3333333333334 88
1778499690868 539.3939393939394 89
1778499690877 545.4545454545455 90
1778499690886 551.5151515151515 91
1778499690895 557.5757575757576 92
1778499690903 563.6363636363636 93
1778499690914 569.6969696969697 94
1778499690921 575.7575757575758 95
1778499690930 581.8181818181818 96
1778499690936 587.8787878787879 97
1778499690948 593.9393939393939 98
1778499690957 600.0 99
