1778499689377 0.0 0
1778499689386 -0.0007626515125749897 1
1778499689391 -0.003040299948778675 2
1778499689399 -0.006817486156329138 3
1778499689407 -0.012078750982944458 4
1778499689418 -0.018808635276342703 5
1778499689426 -0.02699167988424192 6
1778499689434 -0.036612425654360216 7
1778499689444 -0.04765541343441565 8
1778499689452 -0.060105184072126276 9
1778499689461 -0.07394627841521018 10
1778499689470 -0.08916323731138547 11
1778499689480 -0.10574060160837014 12
1778499689487 -0.12366291215388237 13
1778499689494 -0.1429147097956402 14
1778499689502 -0.16348053538136165 15
1778499689512 -0.18534492975876488 16
1778499689522 -0.2084924337755679 17
1778499689529 -0.23290758827948888 18
1778499689537 -0.25857493411824567 19
1778499689548 -0.2854790121395567 20
1778499689557 -0.3136043631911397 21
1778499689561 -0.34293552812071304 22
1778499689566 -0.37345704777599464 23
1778499689571 -0.40515346300470245 24
1778499689576 -0.4380093146545547 25
1778499689580 -0.47200914357326956 26
1778499689585 -0.507137490608565 27
1778499689593 -0.543378896608159 28
1778499689598 -0.5807179024197697 29
1778499689605 -0.6191390488911153 30
1778499689611 -0.6586268768699137 31
1778499689619 -0.699165927203883 32
1778499689626 -0.7407407407407414 33
1778499689634 -0.7833358583282068 34
1778499689640 -0.8269358208139972 35
1778499689649 -0.8715251690458312 36
1778499689659 -0.9170884438714262 37
1778499689670 -0.9636101861385005 38
1778499689681 -1.0110749366947727 39
1778499689690 -1.0594672363879598 40
1778499689701 -1.1087716260657807 41
1778499689708 -1.1589726465759536 42
1778499689717 -1.210054838766196 43
1778499689723 -1.2620027434842265 44
1778499689730 -1.3148009015777626 45
1778499689737 -1.3684338538945229 46
1778499689746 -1.4228861412822247 47
1778499689754 -1.4781423045885866 48
1778499689763 -1.5341868846613274 49
1778499689770 -1.5910044223481639 50
1778499689781 -1.648579458496815 51
1778499689790 -1.7068965339549984 52
1778499689800 -1.7659401895704325 53
1778499689808 -1.825694966190835 54
1778499689815 -1.886145404663924 55
1778499689823 -1.947276045837418 56
1778499689834 -2.0090714305590347 57
1778499689843 -2.0715160996764923 58
1778499689851 -2.134594594037509 59
1778499689857 -2.1982914544898025 60
1778499689865 -2.2625912218810904 61
1778499689873 -2.327478437059093 62
1778499689879 -2.3929376408715246 63
1778499689887 -2.458953374166108 64
1778499689893 -2.5255101777905566 65
1778499689899 -2.5925925925925926 66
1778499689907 -2.660185159419931 67
1778499689917 -2.7282724191202923 68
1778499689925 -2.796838912541391 69
1778499689933 -2.865869180530949 70
1778499689942 -2.9353477639366825 71
1778499689950 -3.00525920360631 72
1778499689959 -3.075588040387549 73
1778499689967 -3.1463188151281196 74
1778499689972 -3.217436068675736 75
1778499689979 -3.288924341878121 76
1778499689985 -3.3607681755829875 77
1778499689991 -3.432952110638059 78
1778499689997 -3.505460687891049 79
1778499690003 -3.5782784481896797 80
1778499690009 -3.651389932381665 81
1778499690014 -3.724779681314725 82
1778499690020 -3.7984322358365796 83
1778499690036 -3.872332136794942 84
1778499690056 -3.946463925037537 85
1778499690074 -4.020812141412077 86
1778499690083 -4.095361326766281 87
1778499690101 -4.17009602194787 88
1778499690109 -4.245000767804558 89
1778499690118 -4.3200601051840675 90
1778499690127 -4.395258574934114 91
1778499690137 -4.470580717902416 92
1778499690144 -4.54601107493669 93
1778499690153 -4.621534186884658 94
1778499690161 -4.697134594594032 95
1778499690167 -4.7727968389125355 96
1778499690173 -4.848505460687887 97
1778499690182 -4.9242450007678 98
1778499690189 -4.9999999999999964 99
