1773734692545 0.0 0
1773734692550 6.0606060606060606 1
1773734692555 12.121212121212121 2
1773734692566 18.18181818181818 3
1773734692572 24.242424242424242 4
1773734692578 30.303030303030305 5
1773734692584 36.36363636363636 6
1773734692589 42.42424242424242 7
1773734692595 48.484848484848484 8
1773734692617 54.54545454545455 9
1773734692617 60.60606060606061 10
1773734692628 66.66666666666667 11
1773734692638 72.72727272727272 12
1773734692645 78.78787878787878 13
1773734692653 84.84848484848484 14
1773734692660 90.9090909090909 15
1773734692660 96.96969696969697 16
1773734692670 103.03030303030303 17
1773734692680 109.0909090909091 18
1773734692680 115.15151515151516 19
1773734692691 121.21212121212122 20
1773734692701 127.27272727272727 21
1773734692708 133.33333333333334 22
1773734692714 139.3939393939394 23
1773734692720 145.45454545454544 24
1773734692724 151.5151515151515 25
1773734692731 157.57575757575756 26
1773734692736 163.63636363636363 27
1773734692743 169.6969696969697 28
1773734692749 175.75757575757575 29
1773734692753 181.8181818181818 30
1773734692757 187.87878787878788 31
1773734692766 193.93939393939394 32
1773734692775 200.0 33
1773734692775 206.06060606060606 34
1773734692785 212.12121212121212 35
1773734692793 218.1818181818182 36
1773734692800 224.24242424242425 37
1773734692806 230.3030303030303 38
1773734692812 236.36363636363637 39
1773734692816 242.42424242424244 40
1773734692820 248.48484848484847 41
1773734692826 254.54545454545453 42
1773734692837 260.6060606060606 43
1773734692837 266.6666666666667 44
1773734692847 272.72727272727275 45
1773734692856 278.7878787878788 46
1773734692857 284.8484848484849 47
1773734692868 290.9090909090909 48
1773734692874 296.96969696969694 49
1773734692882 303.030303030303 50
1773734692889 309.09090909090907 51
1773734692894 315.1515151515151 52
1773734692902 321.2121212121212 53
1773734692910 327.27272727272725 54
1773734692918 333.3333333333333 55
1773734692926 339.3939393939394 56
1773734692934 345.45454545454544 57
1773734692942 351.5151515151515 58
1773734692950 357.57575757575756 59
1773734692973 363.6363636363636 60
1773734692980 369.6969696969697 61
1773734692985 375.75757575757575 62
1773734692990 381.8181818181818 63
1773734692990 387.8787878787879 64
1773734693004 393.93939393939394 65
1773734693010 400.0 66
1773734693016 406.06060606060606 67
1773734693021 412.1212121212121 68
1773734693026 418.1818181818182 69
1773734693032 424.24242424242425 70
1773734693038 430.3030303030303 71
1773734693045 436.3636363636364 72
1773734693048 442.42424242424244 73
1773734693053 448.4848484848485 74
1773734693053 454.54545454545456 75
1773734693064 460.6060606060606 76
1773734693064 466.6666666666667 77
1773734693074 472.72727272727275 78
1773734693084 478.7878787878788 79
1773734693085 484.8484848484849 80
1773734693095 490.9090909090909 81
1773734693101 496.96969696969694 82
1773734693105 503.030303030303 83
1773734693116 509.09090909090907 84
1773734693122 515.1515151515151 85
1773734693126 521.2121212121212 86
1773734693136 527.2727272727273 87
1773734693142 533.3333333333334 88
1773734693147 539.3939393939394 89
1773734693159 545.4545454545455 90
1773734693167 551.5151515151515 91
1773734693173 557.5757575757576 92
1773734693178 563.6363636363636 93
1773734693178 569.6969696969697 94
1773734693188 575.7575757575758 95
1773734693188 581.8181818181818 96
1773734693198 587.8787878787879 97
1773734693204 593.9393939393939 98
1773734693209 600.0 99
