1773734691670 0.0 0
1773734691682 -0.0007626515125749902 1
1773734691690 -0.003040299948778674 2
1773734691696 -0.006817486156329135 3
1773734691701 -0.01207875098294445 4
1773734691701 -0.01880863527634269 5
1773734691712 -0.026991679884241906 6
1773734691719 -0.03661242565436021 7
1773734691722 -0.047655413434415636 8
1773734691732 -0.060105184072126276 9
1773734691740 -0.0739462784152102 10
1773734691746 -0.08916323731138551 11
1773734691755 -0.10574060160837022 12
1773734691760 -0.12366291215388246 13
1773734691767 -0.1429147097956403 14
1773734691773 -0.16348053538136179 15
1773734691784 -0.18534492975876504 16
1773734691809 -0.20849243377556811 17
1773734691820 -0.23290758827948913 18
1773734691829 -0.2585749341182458 19
1773734691837 -0.28547901213955673 20
1773734691846 -0.31360436319113977 21
1773734691854 -0.3429355281207131 22
1773734691865 -0.37345704777599464 23
1773734691875 -0.40515346300470234 24
1773734691883 -0.43800931465455467 25
1773734691892 -0.47200914357326945 26
1773734691900 -0.5071374906085647 27
1773734691910 -0.5433788966081587 28
1773734691920 -0.5807179024197694 29
1773734691935 -0.6191390488911149 30
1773734691947 -0.6586268768699133 31
1773734691957 -0.6991659272038825 32
1773734691967 -0.7407407407407407 33
1773734691975 -0.7833358583282061 34
1773734691984 -0.8269358208139966 35
1773734691992 -0.8715251690458303 36
1773734692000 -0.9170884438714254 37
1773734692008 -0.9636101861384999 38
1773734692017 -1.0110749366947718 39
1773734692025 -1.059467236387959 40
1773734692032 -1.10877162606578 41
1773734692039 -1.1589726465759527 42
1773734692049 -1.2100548387661951 43
1773734692062 -1.2620027434842254 44
1773734692071 -1.3148009015777615 45
1773734692079 -1.3684338538945218 46
1773734692089 -1.4228861412822236 47
1773734692091 -1.4781423045885853 48
1773734692107 -1.5341868846613258 49
1773734692115 -1.5910044223481628 50
1773734692123 -1.6485794584968139 51
1773734692138 -1.706896533954997 52
1773734692158 -1.7659401895704312 53
1773734692165 -1.825694966190834 54
1773734692173 -1.8861454046639228 55
1773734692181 -1.9472760458374168 56
1773734692188 -2.009071430559034 57
1773734692198 -2.0715160996764914 58
1773734692222 -2.1345945940375075 59
1773734692228 -2.198291454489801 60
1773734692240 -2.2625912218810895 61
1773734692246 -2.327478437059092 62
1773734692254 -2.392937640871524 63
1773734692259 -2.4589533741661076 64
1773734692270 -2.525510177790556 65
1773734692276 -2.592592592592592 66
1773734692280 -2.6601851594199304 67
1773734692291 -2.7282724191202914 68
1773734692301 -2.7968389125413906 69
1773734692301 -2.865869180530949 70
1773734692313 -2.935347763936682 71
1773734692327 -3.00525920360631 72
1773734692335 -3.0755880403875495 73
1773734692346 -3.146318815128119 74
1773734692354 -3.217436068675736 75
1773734692363 -3.2889243418781207 76
1773734692370 -3.3607681755829875 77
1773734692377 -3.4329521106380594 78
1773734692384 -3.50546068789105 79
1773734692391 -3.57827844818968 80
1773734692396 -3.651389932381665 81
1773734692405 -3.7247796813147245 82
1773734692410 -3.798432235836579 83
1773734692417 -3.8723321367949435 84
1773734692421 -3.9464639250375373 85
1773734692429 -4.020812141412077 86
1773734692452 -4.09536132676628 87
1773734692461 -4.17009602194787 88
1773734692462 -4.245000767804559 89
1773734692472 -4.3200601051840675 90
1773734692472 -4.395258574934114 91
1773734692485 -4.470580717902416 92
1773734692493 -4.54601107493669 93
1773734692501 -4.621534186884657 94
1773734692509 -4.697134594594031 95
1773734692517 -4.7727968389125355 96
1773734692525 -4.848505460687886 97
1773734692533 -4.924245000767797 98
1773734692535 -4.999999999999994 99
