1781631889748 0.0 0
1781631889752 6.0606060606060606 1
1781631889767 12.121212121212121 2
1781631889767 18.18181818181818 3
1781631889790 24.242424242424242 4
1781631889800 30.303030303030305 5
1781631889805 36.36363636363636 6
1781631889815 42.42424242424242 7
1781631889815 48.484848484848484 8
1781631889838 54.54545454545455 9
1781631889846 60.60606060606061 10
1781631889850 66.66666666666667 11
1781631889866 72.72727272727272 12
1781631889878 78.78787878787878 13
1781631889887 84.84848484848484 14
1781631889896 90.9090909090909 15
1781631889905 96.96969696969697 16
1781631889917 103.03030303030303 17
1781631889926 109.0909090909091 18
1781631889934 115.15151515151516 19
1781631889941 121.21212121212122 20
1781631889950 127.27272727272727 21
1781631889966 133.33333333333334 22
1781631889977 139.3939393939394 23
1781631889977 145.45454545454544 24
1781631889989 151.5151515151515 25
1781631890009 157.57575757575756 26
1781631890017 163.63636363636363 27
1781631890021 169.6969696969697 28
1781631890038 175.75757575757575 29
1781631890044 181.8181818181818 30
1781631890050 187.87878787878788 31
1781631890060 193.93939393939394 32
1781631890070 200.0 33
1781631890070 206.06060606060606 34
1781631890091 212.12121212121212 35
1781631890099 218.1818181818182 36
1781631890099 224.24242424242425 37
1781631890117 230.3030303030303 38
1781631890133 236.36363636363637 39
1781631890147 242.42424242424244 40
1781631890150 248.48484848484847 41
1781631890163 254.54545454545453 42
1781631890179 260.6060606060606 43
1781631890192 266.6666666666667 44
1781631890195 272.72727272727275 45
1781631890240 278.7878787878788 46
1781631890252 284.8484848484849 47
1781631890263 290.9090909090909 48
1781631890274 296.96969696969694 49
1781631890285 303.030303030303 50
1781631890294 309.09090909090907 51
1781631890306 315.1515151515151 52
1781631890306 321.2121212121212 53
1781631890322 327.27272727272725 54
1781631890338 333.3333333333333 55
1781631890350 339.3939393939394 56
1781631890365 345.45454545454544 57
1781631890378 351.5151515151515 58
1781631890386 357.57575757575756 59
1781631890401 363.6363636363636 60
1781631890412 369.6969696969697 61
1781631890426 375.75757575757575 62
1781631890438 381.8181818181818 63
1781631890452 387.8787878787879 64
1781631890460 393.93939393939394 65
1781631890464 400.0 66
1781631890484 406.06060606060606 67
1781631890496 412.1212121212121 68
1781631890512 418.1818181818182 69
1781631890522 424.24242424242425 70
1781631890528 430.3030303030303 71
1781631890544 436.3636363636364 72
1781631890551 442.42424242424244 73
1781631890568 448.4848484848485 74
1781631890581 454.54545454545456 75
1781631890591 460.6060606060606 76
1781631890600 466.6666666666667 77
1781631890617 472.72727272727275 78
1781631890627 478.7878787878788 79
1781631890638 484.8484848484849 80
1781631890647 490.9090909090909 81
1781631890655 496.96969696969694 82
1781631890655 503.030303030303 83
1781631890676 509.09090909090907 84
1781631890686 515.1515151515151 85
1781631890686 521.2121212121212 86
1781631890702 527.2727272727273 87
1781631890718 533.3333333333334 88
1781631890718 539.3939393939394 89
1781631890740 545.4545454545455 90
1781631890746 551.5151515151515 91
1781631890758 557.5757575757576 92
1781631890766 563.6363636363636 93
1781631890766 569.6969696969697 94
1781631890788 575.7575757575758 95
1781631890798 581.8181818181818 96
1781631890803 587.8787878787879 97
1781631890818 593.9393939393939 98
1781631890821 600.0 99
