1778511117524 0.0 0
1778511117525 -0.0007626515125749902 1
1778511117526 -0.003040299948778674 2
1778511117527 -0.006817486156329131 3
1778511117527 -0.01207875098294444 4
1778511117528 -0.018808635276342675 5
1778511117528 -0.02699167988424188 6
1778511117529 -0.036612425654360174 7
1778511117530 -0.04765541343441561 8
1778511117530 -0.06010518407212624 9
1778511117531 -0.07394627841521016 10
1778511117532 -0.08916323731138547 11
1778511117532 -0.10574060160837018 12
1778511117533 -0.12366291215388243 13
1778511117534 -0.14291470979564033 14
1778511117535 -0.1634805353813618 15
1778511117535 -0.18534492975876507 16
1778511117536 -0.2084924337755682 17
1778511117537 -0.23290758827948913 18
1778511117537 -0.25857493411824595 19
1778511117538 -0.28547901213955695 20
1778511117539 -0.31360436319114 21
1778511117539 -0.3429355281207134 22
1778511117540 -0.37345704777599487 23
1778511117541 -0.4051534630047027 24
1778511117541 -0.43800931465455495 25
1778511117542 -0.4720091435732698 26
1778511117543 -0.5071374906085651 27
1778511117543 -0.5433788966081592 28
1778511117544 -0.5807179024197697 29
1778511117545 -0.6191390488911154 30
1778511117545 -0.6586268768699137 31
1778511117546 -0.699165927203883 32
1778511117547 -0.7407407407407413 33
1778511117547 -0.7833358583282068 34
1778511117548 -0.8269358208139973 35
1778511117549 -0.8715251690458311 36
1778511117549 -0.9170884438714262 37
1778511117550 -0.9636101861385005 38
1778511117551 -1.0110749366947727 39
1778511117551 -1.0594672363879598 40
1778511117552 -1.108771626065781 41
1778511117553 -1.1589726465759536 42
1778511117553 -1.2100548387661965 43
1778511117554 -1.2620027434842265 44
1778511117555 -1.3148009015777626 45
1778511117556 -1.3684338538945227 46
1778511117556 -1.422886141282225 47
1778511117557 -1.4781423045885869 48
1778511117558 -1.5341868846613274 49
1778511117558 -1.591004422348164 50
1778511117559 -1.6485794584968152 51
1778511117560 -1.7068965339549986 52
1778511117560 -1.7659401895704328 53
1778511117561 -1.8256949661908355 54
1778511117562 -1.8861454046639246 55
1778511117563 -1.9472760458374185 56
1778511117563 -2.0090714305590356 57
1778511117564 -2.071516099676493 58
1778511117565 -2.1345945940375097 59
1778511117565 -2.1982914544898033 60
1778511117566 -2.2625912218810917 61
1778511117567 -2.3274784370590944 62
1778511117567 -2.392937640871526 63
1778511117568 -2.45895337416611 64
1778511117569 -2.5255101777905593 65
1778511117570 -2.592592592592595 66
1778511117570 -2.6601851594199326 67
1778511117571 -2.728272419120294 68
1778511117572 -2.7968389125413937 69
1778511117572 -2.865869180530952 70
1778511117573 -2.9353477639366847 71
1778511117574 -3.005259203606313 72
1778511117574 -3.075588040387552 73
1778511117575 -3.1463188151281223 74
1778511117575 -3.2174360686757395 75
1778511117576 -3.288924341878124 76
1778511117577 -3.3607681755829915 77
1778511117578 -3.432952110638063 78
1778511117578 -3.505460687891054 79
1778511117579 -3.5782784481896837 80
1778511117579 -3.651389932381669 81
1778511117580 -3.72477968131473 82
1778511117581 -3.7984322358365836 83
1778511117581 -3.872332136794947 84
1778511117582 -3.9464639250375417 85
1778511117583 -4.020812141412082 86
1778511117583 -4.0953613267662865 87
1778511117584 -4.170096021947877 88
1778511117585 -4.245000767804566 89
1778511117585 -4.320060105184076 90
1778511117586 -4.39525857493412 91
1778511117587 -4.470580717902424 92
1778511117588 -4.546011074936697 93
1778511117589 -4.621534186884665 94
1778511117589 -4.69713459459404 95
1778511117590 -4.772796838912544 96
1778511117591 -4.848505460687894 97
1778511117591 -4.924245000767806 98
1778511117592 -5.0000000000000036 99
