1778509427073 0.0 0
1778509427074 -0.0007626515125749891 1
1778509427074 -0.0030402999487786765 2
1778509427075 -0.006817486156329135 3
1778509427076 -0.012078750982944444 4
1778509427076 -0.018808635276342675 5
1778509427077 -0.026991679884241882 6
1778509427078 -0.03661242565436018 7
1778509427078 -0.047655413434415615 8
1778509427079 -0.06010518407212625 9
1778509427080 -0.07394627841521018 10
1778509427081 -0.08916323731138548 11
1778509427081 -0.10574060160837018 12
1778509427082 -0.12366291215388243 13
1778509427083 -0.14291470979564033 14
1778509427083 -0.1634805353813618 15
1778509427084 -0.18534492975876507 16
1778509427085 -0.2084924337755682 17
1778509427086 -0.23290758827948913 18
1778509427086 -0.25857493411824595 19
1778509427087 -0.28547901213955695 20
1778509427088 -0.31360436319114 21
1778509427088 -0.3429355281207134 22
1778509427089 -0.373457047775995 23
1778509427090 -0.4051534630047027 24
1778509427090 -0.43800931465455506 25
1778509427091 -0.47200914357326984 26
1778509427092 -0.5071374906085653 27
1778509427092 -0.5433788966081592 28
1778509427093 -0.58071790241977 29
1778509427094 -0.6191390488911155 30
1778509427095 -0.658626876869914 31
1778509427095 -0.6991659272038832 32
1778509427096 -0.7407407407407416 33
1778509427097 -0.783335858328207 34
1778509427097 -0.8269358208139974 35
1778509427098 -0.8715251690458313 36
1778509427099 -0.9170884438714263 37
1778509427100 -0.9636101861385009 38
1778509427100 -1.0110749366947727 39
1778509427101 -1.05946723638796 40
1778509427102 -1.108771626065781 41
1778509427102 -1.1589726465759538 42
1778509427103 -1.2100548387661965 43
1778509427104 -1.2620027434842267 44
1778509427104 -1.314800901577763 45
1778509427105 -1.368433853894523 46
1778509427106 -1.4228861412822253 47
1778509427107 -1.478142304588587 48
1778509427107 -1.5341868846613278 49
1778509427108 -1.5910044223481643 50
1778509427109 -1.6485794584968156 51
1778509427110 -1.706896533954999 52
1778509427110 -1.765940189570433 53
1778509427111 -1.825694966190836 54
1778509427112 -1.886145404663925 55
1778509427112 -1.9472760458374188 56
1778509427113 -2.0090714305590356 57
1778509427114 -2.071516099676493 58
1778509427114 -2.1345945940375097 59
1778509427115 -2.1982914544898033 60
1778509427116 -2.2625912218810913 61
1778509427116 -2.3274784370590944 62
1778509427117 -2.3929376408715264 63
1778509427118 -2.4589533741661103 64
1778509427118 -2.5255101777905593 65
1778509427119 -2.592592592592595 66
1778509427120 -2.6601851594199326 67
1778509427120 -2.7282724191202945 68
1778509427121 -2.7968389125413937 69
1778509427122 -2.865869180530952 70
1778509427123 -2.935347763936685 71
1778509427123 -3.005259203606313 72
1778509427129 -3.075588040387552 73
1778509427134 -3.1463188151281223 74
1778509427135 -3.217436068675739 75
1778509427136 -3.2889243418781238 76
1778509427136 -3.3607681755829915 77
1778509427137 -3.4329521106380634 78
1778509427138 -3.5054606878910537 79
1778509427138 -3.578278448189684 80
1778509427139 -3.6513899323816688 81
1778509427140 -3.72477968131473 82
1778509427140 -3.798432235836583 83
1778509427141 -3.8723321367949475 84
1778509427142 -3.9464639250375413 85
1778509427143 -4.020812141412082 86
1778509427143 -4.095361326766288 87
1778509427144 -4.1700960219478755 88
1778509427145 -4.245000767804566 89
1778509427145 -4.320060105184075 90
1778509427146 -4.39525857493412 91
1778509427147 -4.470580717902422 92
1778509427147 -4.546011074936697 93
1778509427148 -4.621534186884665 94
1778509427149 -4.69713459459404 95
1778509427150 -4.772796838912544 96
1778509427150 -4.848505460687894 97
1778509427151 -4.924245000767806 98
1778509427152 -5.0000000000000036 99
