1778509427152 0.0 0
1778509427153 6.0606060606060606 1
1778509427154 12.121212121212121 2
1778509427155 18.18181818181818 3
1778509427155 24.242424242424242 4
1778509427156 30.303030303030305 5
1778509427157 36.36363636363636 6
1778509427157 42.42424242424242 7
1778509427158 48.484848484848484 8
1778509427159 54.54545454545455 9
1778509427159 60.60606060606061 10
1778509427160 66.66666666666667 11
1778509427161 72.72727272727272 12
1778509427162 78.78787878787878 13
1778509427162 84.84848484848484 14
1778509427163 90.9090909090909 15
1778509427164 96.96969696969697 16
1778509427164 103.03030303030303 17
1778509427165 109.0909090909091 18
1778509427166 115.15151515151516 19
1778509427166 121.21212121212122 20
1778509427167 127.27272727272727 21
1778509427168 133.33333333333334 22
1778509427168 139.3939393939394 23
1778509427169 145.45454545454544 24
1778509427170 151.5151515151515 25
1778509427171 157.57575757575756 26
1778509427171 163.63636363636363 27
1778509427172 169.6969696969697 28
1778509427173 175.75757575757575 29
1778509427173 181.8181818181818 30
1778509427174 187.87878787878788 31
1778509427175 193.93939393939394 32
1778509427175 200.0 33
1778509427176 206.06060606060606 34
1778509427177 212.12121212121212 35
1778509427178 218.1818181818182 36
1778509427178 224.24242424242425 37
1778509427179 230.3030303030303 38
1778509427180 236.36363636363637 39
1778509427180 242.42424242424244 40
1778509427181 248.48484848484847 41
1778509427182 254.54545454545453 42
1778509427182 260.6060606060606 43
1778509427183 266.6666666666667 44
1778509427184 272.72727272727275 45
1778509427184 278.7878787878788 46
1778509427185 284.8484848484849 47
1778509427186 290.9090909090909 48
1778509427187 296.96969696969694 49
1778509427187 303.030303030303 50
1778509427188 309.09090909090907 51
1778509427189 315.1515151515151 52
1778509427189 321.2121212121212 53
1778509427190 327.27272727272725 54
1778509427191 333.3333333333333 55
1778509427191 339.3939393939394 56
1778509427192 345.45454545454544 57
1778509427193 351.5151515151515 58
1778509427194 357.57575757575756 59
1778509427194 363.6363636363636 60
1778509427195 369.6969696969697 61
1778509427196 375.75757575757575 62
1778509427196 381.8181818181818 63
1778509427197 387.8787878787879 64
1778509427198 393.93939393939394 65
1778509427198 400.0 66
1778509427199 406.06060606060606 67
1778509427200 412.1212121212121 68
1778509427200 418.1818181818182 69
1778509427201 424.24242424242425 70
1778509427202 430.3030303030303 71
1778509427202 436.3636363636364 72
1778509427203 442.42424242424244 73
1778509427204 448.4848484848485 74
1778509427204 454.54545454545456 75
1778509427205 460.6060606060606 76
1778509427206 466.6666666666667 77
1778509427207 472.72727272727275 78
1778509427207 478.7878787878788 79
1778509427208 484.8484848484849 80
1778509427209 490.9090909090909 81
1778509427209 496.96969696969694 82
1778509427210 503.030303030303 83
1778509427211 509.09090909090907 84
1778509427211 515.1515151515151 85
1778509427212 521.2121212121212 86
1778509427213 527.2727272727273 87
1778509427213 533.3333333333334 88
1778509427214 539.3939393939394 89
1778509427215 545.4545454545455 90
1778509427216 551.5151515151515 91
1778509427216 557.5757575757576 92
1778509427217 563.6363636363636 93
1778509427218 569.6969696969697 94
1778509427218 575.7575757575758 95
1778509427219 581.8181818181818 96
1778509427220 587.8787878787879 97
1778509427220 593.9393939393939 98
1778509427221 600.0 99
