1778509862187 0.0 0
1778509862188 6.0606060606060606 1
1778509862189 12.121212121212121 2
1778509862190 18.18181818181818 3
1778509862190 24.242424242424242 4
1778509862191 30.303030303030305 5
1778509862192 36.36363636363636 6
1778509862192 42.42424242424242 7
1778509862193 48.484848484848484 8
1778509862194 54.54545454545455 9
1778509862194 60.60606060606061 10
1778509862195 66.66666666666667 11
1778509862196 72.72727272727272 12
1778509862196 78.78787878787878 13
1778509862197 84.84848484848484 14
1778509862198 90.9090909090909 15
1778509862199 96.96969696969697 16
1778509862199 103.03030303030303 17
1778509862200 109.0909090909091 18
1778509862201 115.15151515151516 19
1778509862201 121.21212121212122 20
1778509862202 127.27272727272727 21
1778509862203 133.33333333333334 22
1778509862203 139.3939393939394 23
1778509862204 145.45454545454544 24
1778509862205 151.5151515151515 25
1778509862205 157.57575757575756 26
1778509862206 163.63636363636363 27
1778509862207 169.6969696969697 28
1778509862207 175.75757575757575 29
1778509862208 181.8181818181818 30
1778509862209 187.87878787878788 31
1778509862210 193.93939393939394 32
1778509862210 200.0 33
1778509862211 206.06060606060606 34
1778509862212 212.12121212121212 35
1778509862212 218.1818181818182 36
1778509862213 224.24242424242425 37
1778509862214 230.3030303030303 38
1778509862214 236.36363636363637 39
1778509862215 242.42424242424244 40
1778509862216 248.48484848484847 41
1778509862216 254.54545454545453 42
1778509862217 260.6060606060606 43
1778509862218 266.6666666666667 44
1778509862218 272.72727272727275 45
1778509862219 278.7878787878788 46
1778509862220 284.8484848484849 47
1778509862220 290.9090909090909 48
1778509862221 296.96969696969694 49
1778509862222 303.030303030303 50
1778509862223 309.09090909090907 51
1778509862223 315.1515151515151 52
1778509862224 321.2121212121212 53
1778509862225 327.27272727272725 54
1778509862225 333.3333333333333 55
1778509862226 339.3939393939394 56
1778509862227 345.45454545454544 57
1778509862227 351.5151515151515 58
1778509862228 357.57575757575756 59
1778509862229 363.6363636363636 60
1778509862229 369.6969696969697 61
1778509862230 375.75757575757575 62
1778509862231 381.8181818181818 63
1778509862232 387.8787878787879 64
1778509862232 393.93939393939394 65
1778509862233 400.0 66
1778509862234 406.06060606060606 67
1778509862234 412.1212121212121 68
1778509862235 418.1818181818182 69
1778509862236 424.24242424242425 70
1778509862237 430.3030303030303 71
1778509862237 436.3636363636364 72
1778509862238 442.42424242424244 73
1778509862239 448.4848484848485 74
1778509862239 454.54545454545456 75
1778509862240 460.6060606060606 76
1778509862241 466.6666666666667 77
1778509862242 472.72727272727275 78
1778509862242 478.7878787878788 79
1778509862243 484.8484848484849 80
1778509862244 490.9090909090909 81
1778509862244 496.96969696969694 82
1778509862245 503.030303030303 83
1778509862246 509.09090909090907 84
1778509862246 515.1515151515151 85
1778509862247 521.2121212121212 86
1778509862248 527.2727272727273 87
1778509862248 533.3333333333334 88
1778509862249 539.3939393939394 89
1778509862250 545.4545454545455 90
1778509862250 551.5151515151515 91
1778509862251 557.5757575757576 92
1778509862252 563.6363636363636 93
1778509862252 569.6969696969697 94
1778509862253 575.7575757575758 95
1778509862254 581.8181818181818 96
1778509862254 587.8787878787879 97
1778509862255 593.9393939393939 98
1778509862256 600.0 99
