1778499685170 0.0 0
1778499685183 -0.0007626515125749894 1
1778499685195 -0.0030402999487786735 2
1778499685210 -0.0068174861563291365 3
1778499685224 -0.01207875098294446 4
1778499685238 -0.018808635276342703 5
1778499685253 -0.026991679884241934 6
1778499685267 -0.03661242565436024 7
1778499685275 -0.04765541343441568 8
1778499685285 -0.06010518407212633 9
1778499685300 -0.07394627841521026 10
1778499685311 -0.08916323731138556 11
1778499685326 -0.10574060160837027 12
1778499685343 -0.12366291215388252 13
1778499685353 -0.14291470979564042 14
1778499685370 -0.16348053538136192 15
1778499685382 -0.1853449297587652 16
1778499685389 -0.2084924337755684 17
1778499685397 -0.2329075882794894 18
1778499685405 -0.25857493411824567 19
1778499685414 -0.2854790121395566 20
1778499685422 -0.31360436319113966 21
1778499685430 -0.342935528120713 22
1778499685441 -0.37345704777599453 23
1778499685453 -0.40515346300470223 24
1778499685474 -0.4380093146545545 25
1778499685486 -0.4720091435732693 26
1778499685502 -0.5071374906085646 27
1778499685509 -0.5433788966081585 28
1778499685518 -0.5807179024197692 29
1778499685532 -0.6191390488911146 30
1778499685543 -0.6586268768699131 31
1778499685553 -0.6991659272038822 32
1778499685562 -0.7407407407407405 33
1778499685570 -0.7833358583282057 34
1778499685580 -0.8269358208139963 35
1778499685592 -0.8715251690458299 36
1778499685599 -0.9170884438714251 37
1778499685607 -0.9636101861384994 38
1778499685615 -1.011074936694771 39
1778499685625 -1.0594672363879587 40
1778499685637 -1.1087716260657796 41
1778499685647 -1.158972646575952 42
1778499685660 -1.2100548387661947 43
1778499685674 -1.2620027434842251 44
1778499685686 -1.3148009015777613 45
1778499685699 -1.3684338538945213 46
1778499685712 -1.4228861412822233 47
1778499685720 -1.478142304588585 48
1778499685728 -1.5341868846613258 49
1778499685736 -1.5910044223481623 50
1778499685747 -1.6485794584968136 51
1778499685755 -1.706896533954997 52
1778499685764 -1.7659401895704312 53
1778499685774 -1.825694966190834 54
1778499685784 -1.8861454046639228 55
1778499685793 -1.9472760458374172 56
1778499685802 -2.009071430559034 57
1778499685811 -2.0715160996764914 58
1778499685820 -2.1345945940375084 59
1778499685827 -2.198291454489802 60
1778499685834 -2.26259122188109 61
1778499685846 -2.3274784370590926 62
1778499685859 -2.3929376408715246 63
1778499685867 -2.458953374166108 64
1778499685874 -2.5255101777905575 65
1778499685881 -2.592592592592593 66
1778499685888 -2.6601851594199317 67
1778499685896 -2.728272419120293 68
1778499685903 -2.7968389125413924 69
1778499685914 -2.865869180530951 70
1778499685924 -2.935347763936684 71
1778499685936 -3.0052592036063115 72
1778499685950 -3.0755880403875513 73
1778499685962 -3.146318815128122 74
1778499685975 -3.2174360686757386 75
1778499685986 -3.2889243418781238 76
1778499685999 -3.360768175582991 77
1778499686008 -3.432952110638063 78
1778499686017 -3.5054606878910537 79
1778499686024 -3.5782784481896845 80
1778499686033 -3.651389932381669 81
1778499686044 -3.72477968131473 82
1778499686056 -3.7984322358365845 83
1778499686067 -3.8723321367949484 84
1778499686074 -3.9464639250375426 85
1778499686081 -4.020812141412083 86
1778499686089 -4.095361326766288 87
1778499686099 -4.170096021947878 88
1778499686106 -4.245000767804566 89
1778499686116 -4.320060105184077 90
1778499686124 -4.395258574934122 91
1778499686134 -4.470580717902425 92
1778499686142 -4.546011074936699 93
1778499686153 -4.621534186884666 94
1778499686161 -4.697134594594043 95
1778499686167 -4.772796838912546 96
1778499686176 -4.848505460687897 97
1778499686184 -4.924245000767809 98
1778499686192 -5.000000000000006 99
