1778499686201 0.0 0
1778499686208 6.0606060606060606 1
1778499686217 12.121212121212121 2
1778499686225 18.18181818181818 3
1778499686232 24.242424242424242 4
1778499686239 30.303030303030305 5
1778499686247 36.36363636363636 6
1778499686255 42.42424242424242 7
1778499686264 48.484848484848484 8
1778499686273 54.54545454545455 9
1778499686289 60.60606060606061 10
1778499686300 66.66666666666667 11
1778499686312 72.72727272727272 12
1778499686326 78.78787878787878 13
1778499686341 84.84848484848484 14
1778499686353 90.9090909090909 15
1778499686360 96.96969696969697 16
1778499686370 103.03030303030303 17
1778499686380 109.0909090909091 18
1778499686387 115.15151515151516 19
1778499686394 121.21212121212122 20
1778499686402 127.27272727272727 21
1778499686412 133.33333333333334 22
1778499686422 139.3939393939394 23
1778499686430 145.45454545454544 24
1778499686441 151.5151515151515 25
1778499686448 157.57575757575756 26
1778499686458 163.63636363636363 27
1778499686470 169.6969696969697 28
1778499686484 175.75757575757575 29
1778499686496 181.8181818181818 30
1778499686505 187.87878787878788 31
1778499686514 193.93939393939394 32
1778499686525 200.0 33
1778499686537 206.06060606060606 34
1778499686547 212.12121212121212 35
1778499686559 218.1818181818182 36
1778499686569 224.24242424242425 37
1778499686584 230.3030303030303 38
1778499686602 236.36363636363637 39
1778499686620 242.42424242424244 40
1778499686639 248.48484848484847 41
1778499686651 254.54545454545453 42
1778499686668 260.6060606060606 43
1778499686683 266.6666666666667 44
1778499686696 272.72727272727275 45
1778499686704 278.7878787878788 46
1778499686720 284.8484848484849 47
1778499686736 290.9090909090909 48
1778499686752 296.96969696969694 49
1778499686764 303.030303030303 50
1778499686776 309.09090909090907 51
1778499686790 315.1515151515151 52
1778499686801 321.2121212121212 53
1778499686813 327.27272727272725 54
1778499686821 333.3333333333333 55
1778499686835 339.3939393939394 56
1778499686842 345.45454545454544 57
1778499686856 351.5151515151515 58
1778499686869 357.57575757575756 59
1778499686884 363.6363636363636 60
1778499686897 369.6969696969697 61
1778499686906 375.75757575757575 62
1778499686914 381.8181818181818 63
1778499686924 387.8787878787879 64
1778499686938 393.93939393939394 65
1778499686949 400.0 66
1778499686959 406.06060606060606 67
1778499686972 412.1212121212121 68
1778499686983 418.1818181818182 69
1778499686994 424.24242424242425 70
1778499687002 430.3030303030303 71
1778499687014 436.3636363636364 72
1778499687022 442.42424242424244 73
1778499687032 448.4848484848485 74
1778499687042 454.54545454545456 75
1778499687052 460.6060606060606 76
1778499687058 466.6666666666667 77
1778499687065 472.72727272727275 78
1778499687073 478.7878787878788 79
1778499687080 484.8484848484849 80
1778499687087 490.9090909090909 81
1778499687093 496.96969696969694 82
1778499687100 503.030303030303 83
1778499687108 509.09090909090907 84
1778499687118 515.1515151515151 85
1778499687124 521.2121212121212 86
1778499687135 527.2727272727273 87
1778499687142 533.3333333333334 88
1778499687152 539.3939393939394 89
1778499687159 545.4545454545455 90
1778499687166 551.5151515151515 91
1778499687173 557.5757575757576 92
1778499687180 563.6363636363636 93
1778499687187 569.6969696969697 94
1778499687193 575.7575757575758 95
1778499687197 581.8181818181818 96
1778499687203 587.8787878787879 97
1778499687210 593.9393939393939 98
1778499687218 600.0 99
