1781631887200 0.0 0
1781631887218 6.0606060606060606 1
1781631887232 12.121212121212121 2
1781631887232 18.18181818181818 3
1781631887252 24.242424242424242 4
1781631887262 30.303030303030305 5
1781631887271 36.36363636363636 6
1781631887280 42.42424242424242 7
1781631887280 48.484848484848484 8
1781631887298 54.54545454545455 9
1781631887311 60.60606060606061 10
1781631887311 66.66666666666667 11
1781631887328 72.72727272727272 12
1781631887352 78.78787878787878 13
1781631887365 84.84848484848484 14
1781631887378 90.9090909090909 15
1781631887389 96.96969696969697 16
1781631887400 103.03030303030303 17
1781631887436 109.0909090909091 18
1781631887446 115.15151515151516 19
1781631887454 121.21212121212122 20
1781631887470 127.27272727272727 21
1781631887470 133.33333333333334 22
1781631887486 139.3939393939394 23
1781631887501 145.45454545454544 24
1781631887501 151.5151515151515 25
1781631887525 157.57575757575756 26
1781631887535 163.63636363636363 27
1781631887546 169.6969696969697 28
1781631887548 175.75757575757575 29
1781631887565 181.8181818181818 30
1781631887565 187.87878787878788 31
1781631887584 193.93939393939394 32
1781631887598 200.0 33
1781631887606 206.06060606060606 34
1781631887619 212.12121212121212 35
1781631887628 218.1818181818182 36
1781631887636 224.24242424242425 37
1781631887649 230.3030303030303 38
1781631887657 236.36363636363637 39
1781631887662 242.42424242424244 40
1781631887678 248.48484848484847 41
1781631887690 254.54545454545453 42
1781631887700 260.6060606060606 43
1781631887708 266.6666666666667 44
1781631887708 272.72727272727275 45
1781631887730 278.7878787878788 46
1781631887739 284.8484848484849 47
1781631887747 290.9090909090909 48
1781631887756 296.96969696969694 49
1781631887756 303.030303030303 50
1781631887772 309.09090909090907 51
1781631887787 315.1515151515151 52
1781631887797 321.2121212121212 53
1781631887803 327.27272727272725 54
1781631887803 333.3333333333333 55
1781631887828 339.3939393939394 56
1781631887840 345.45454545454544 57
1781631887851 351.5151515151515 58
1781631887861 357.57575757575756 59
1781631887876 363.6363636363636 60
1781631887883 369.6969696969697 61
1781631887896 375.75757575757575 62
1781631887901 381.8181818181818 63
1781631887914 387.8787878787879 64
1781631887914 393.93939393939394 65
1781631887935 400.0 66
1781631887947 406.06060606060606 67
1781631887949 412.1212121212121 68
1781631887966 418.1818181818182 69
1781631887976 424.24242424242425 70
1781631887985 430.3030303030303 71
1781631887993 436.3636363636364 72
1781631888002 442.42424242424244 73
1781631888011 448.4848484848485 74
1781631888023 454.54545454545456 75
1781631888031 460.6060606060606 76
1781631888041 466.6666666666667 77
1781631888053 472.72727272727275 78
1781631888066 478.7878787878788 79
1781631888072 484.8484848484849 80
1781631888072 490.9090909090909 81
1781631888089 496.96969696969694 82
1781631888104 503.030303030303 83
1781631888104 509.09090909090907 84
1781631888127 515.1515151515151 85
1781631888138 521.2121212121212 86
1781631888151 527.2727272727273 87
1781631888162 533.3333333333334 88
1781631888172 539.3939393939394 89
1781631888183 545.4545454545455 90
1781631888185 551.5151515151515 91
1781631888203 557.5757575757576 92
1781631888213 563.6363636363636 93
1781631888215 569.6969696969697 94
1781631888215 575.7575757575758 95
1781631888237 581.8181818181818 96
1781631888249 587.8787878787879 97
1781631888255 593.9393939393939 98
1781631888270 600.0 99
