1781631886070 0.0 0
1781631886081 -0.0007626515125749894 1
1781631886097 -0.0030402999487786735 2
1781631886108 -0.0068174861563291365 3
1781631886112 -0.01207875098294446 4
1781631886128 -0.018808635276342703 5
1781631886142 -0.026991679884241934 6
1781631886152 -0.03661242565436024 7
1781631886166 -0.04765541343441568 8
1781631886178 -0.06010518407212633 9
1781631886178 -0.07394627841521026 10
1781631886200 -0.08916323731138556 11
1781631886207 -0.10574060160837027 12
1781631886223 -0.12366291215388252 13
1781631886236 -0.14291470979564042 14
1781631886242 -0.16348053538136192 15
1781631886259 -0.1853449297587652 16
1781631886270 -0.2084924337755684 17
1781631886270 -0.2329075882794894 18
1781631886286 -0.25857493411824567 19
1781631886330 -0.2854790121395566 20
1781631886345 -0.31360436319113966 21
1781631886357 -0.342935528120713 22
1781631886367 -0.37345704777599453 23
1781631886367 -0.40515346300470223 24
1781631886389 -0.4380093146545545 25
1781631886397 -0.4720091435732693 26
1781631886397 -0.5071374906085646 27
1781631886422 -0.5433788966081585 28
1781631886435 -0.5807179024197692 29
1781631886447 -0.6191390488911146 30
1781631886457 -0.6586268768699131 31
1781631886466 -0.6991659272038822 32
1781631886477 -0.7407407407407405 33
1781631886489 -0.7833358583282057 34
1781631886501 -0.8269358208139963 35
1781631886501 -0.8715251690458299 36
1781631886517 -0.9170884438714251 37
1781631886517 -0.9636101861384994 38
1781631886532 -1.011074936694771 39
1781631886548 -1.0594672363879587 40
1781631886548 -1.1087716260657796 41
1781631886572 -1.158972646575952 42
1781631886582 -1.2100548387661947 43
1781631886586 -1.2620027434842251 44
1781631886602 -1.3148009015777613 45
1781631886613 -1.3684338538945213 46
1781631886613 -1.4228861412822233 47
1781631886628 -1.478142304588585 48
1781631886644 -1.5341868846613258 49
1781631886644 -1.5910044223481623 50
1781631886665 -1.6485794584968136 51
1781631886676 -1.706896533954997 52
1781631886685 -1.7659401895704312 53
1781631886701 -1.825694966190834 54
1781631886713 -1.8861454046639228 55
1781631886715 -1.9472760458374172 56
1781631886730 -2.009071430559034 57
1781631886741 -2.0715160996764914 58
1781631886749 -2.1345945940375084 59
1781631886756 -2.198291454489802 60
1781631886771 -2.26259122188109 61
1781631886782 -2.3274784370590926 62
1781631886787 -2.3929376408715246 63
1781631886805 -2.458953374166108 64
1781631886816 -2.5255101777905575 65
1781631886825 -2.592592592592593 66
1781631886835 -2.6601851594199317 67
1781631886845 -2.728272419120293 68
1781631886855 -2.7968389125413924 69
1781631886866 -2.865869180530951 70
1781631886869 -2.935347763936684 71
1781631886888 -3.0052592036063115 72
1781631886900 -3.0755880403875513 73
1781631886912 -3.146318815128122 74
1781631886924 -3.2174360686757386 75
1781631886931 -3.2889243418781238 76
1781631886939 -3.360768175582991 77
1781631886947 -3.432952110638063 78
1781631886961 -3.5054606878910537 79
1781631886963 -3.5782784481896845 80
1781631886983 -3.651389932381669 81
1781631886991 -3.72477968131473 82
1781631886998 -3.7984322358365845 83
1781631887018 -3.8723321367949484 84
1781631887026 -3.9464639250375426 85
1781631887036 -4.020812141412083 86
1781631887050 -4.095361326766288 87
1781631887066 -4.170096021947878 88
1781631887074 -4.245000767804566 89
1781631887078 -4.320060105184077 90
1781631887091 -4.395258574934122 91
1781631887106 -4.470580717902425 92
1781631887120 -4.546011074936699 93
1781631887132 -4.621534186884666 94
1781631887142 -4.697134594594043 95
1781631887155 -4.772796838912546 96
1781631887163 -4.848505460687897 97
1781631887179 -4.924245000767809 98
1781631887185 -5.000000000000006 99
